         2        -0.200104346659651E+004
         3        -0.200060883305024E+004
         4        -0.200291502473773E+004
         5        -0.200335681106204E+004
         6        -0.200347703833087E+004
         7        -0.200358524199215E+004
         8        -0.200297821405322E+004
         9        -0.200319217048882E+004
        10        -0.200359046762057E+004
        11        -0.200354714497119E+004
        12        -0.200360688439290E+004
        13        -0.200359843614920E+004
        14        -0.200361715436154E+004
        15        -0.200361690332564E+004
        16        -0.200361718190505E+004
        17        -0.200361706770183E+004
        18        -0.200361675534421E+004
        19        -0.200361750290254E+004
        20        -0.200361749029557E+004
        21        -0.200361748028875E+004
        22        -0.200361747476240E+004
        23        -0.200361747164622E+004
        24        -0.200361747367294E+004
        25        -0.200361747396885E+004
        26        -0.200361747389083E+004
        27        -0.200361747376538E+004
