         1         0.100000000000000E+001
         2         0.100000000000000E+001
         3         0.100000000000000E+001
         4         0.100000000000000E+001
         5         0.100000000000000E+001
         6         0.100000000000000E+001
         7         0.100000000000000E+001
         8         0.100000000000000E+001
         9         0.100000000000000E+001
        10         0.100000000000000E+001
        11         0.100000000000000E+001
        12         0.100000000000000E+001
        13         0.100000000000000E+001
        14         0.100000000000000E+001
        15         0.100000000000000E+001
        16         0.100000000000000E+001
        17         0.100000000000000E+001
        18         0.100000000000000E+001
        19         0.100000000000000E+001
        20         0.100000000000000E+001
        21         0.100000000000000E+001
        22         0.100000000000000E+001
        23         0.100000000000000E+001
        24         0.100000000000000E+001
        25         0.100000000000000E+001
        26         0.100000000000000E+001
        27         0.100000000000000E+001
 
         1         0.100000000000000E+001
         2         0.100000000000000E+001
         3         0.100000000000000E+001
         4         0.100000000000000E+001
         5         0.100000000000000E+001
         6         0.100000000000000E+001
         7         0.100000000000000E+001
         8         0.100000000000000E+001
         9         0.100000000000000E+001
        10         0.100000000000000E+001
        11         0.100000000000000E+001
        12         0.100000000000000E+001
        13         0.100000000000000E+001
        14         0.100000000000000E+001
        15         0.100000000000000E+001
        16         0.100000000000000E+001
        17         0.100000000000000E+001
        18         0.100000000000000E+001
        19         0.100000000000000E+001
        20         0.100000000000000E+001
        21         0.100000000000000E+001
        22         0.100000000000000E+001
        23         0.100000000000000E+001
        24         0.100000000000000E+001
        25         0.100000000000000E+001
        26         0.100000000000000E+001
        27         0.100000000000000E+001
 
         1         0.107589942644504E+001
         2         0.110791259018486E+001
         3         0.111687648966567E+001
         4         0.113739930832187E+001
         5         0.115166029603849E+001
         6         0.113427252289029E+001
         7         0.114360981981886E+001
         8         0.113487472831067E+001
         9         0.117210509054624E+001
        10         0.117232223213603E+001
        11         0.115450809534550E+001
        12         0.115504840679683E+001
        13         0.115624918154110E+001
        14         0.115473117966389E+001
        15         0.115581222783672E+001
        16         0.115857093175217E+001
        17         0.115771775131573E+001
        18         0.115899035747532E+001
        19         0.115888602795284E+001
        20         0.115896210511564E+001
        21         0.115908801392255E+001
        22         0.115903380822280E+001
        23         0.115903829548556E+001
        24         0.115904187998028E+001
        25         0.115904105479580E+001
        26         0.115903877359722E+001
        27         0.115903826261741E+001
 
         1         0.107557816363855E+001
         2         0.110606469720594E+001
         3         0.111482968944633E+001
         4         0.113267083803353E+001
         5         0.111939498632490E+001
         6         0.110678932619481E+001
         7         0.109865798770596E+001
         8         0.111434305800838E+001
         9         0.111275897802025E+001
        10         0.111369123548609E+001
        11         0.109499230494657E+001
        12         0.109962059315492E+001
        13         0.110013043327726E+001
        14         0.109943127841052E+001
        15         0.110020025670308E+001
        16         0.109921245541097E+001
        17         0.109872233929350E+001
        18         0.109923839734620E+001
        19         0.109904782575811E+001
        20         0.109900743050726E+001
        21         0.109895721857392E+001
        22         0.109893902734470E+001
        23         0.109894662654718E+001
        24         0.109894886914074E+001
        25         0.109894826311383E+001
        26         0.109894755026025E+001
        27         0.109894765828458E+001
 
         1         0.107489613638508E+001
         2         0.108692366149080E+001
         3         0.110197409409143E+001
         4         0.110291906265393E+001
         5         0.113328007624089E+001
         6         0.118172219068911E+001
         7         0.119804987571296E+001
         8         0.113001198421409E+001
         9         0.115927783825125E+001
        10         0.115592496885698E+001
        11         0.118658191446258E+001
        12         0.121037867709605E+001
        13         0.120107341613974E+001
        14         0.120295240879099E+001
        15         0.120120426307464E+001
        16         0.120620631067788E+001
        17         0.120687784125011E+001
        18         0.120820484244489E+001
        19         0.120793365524084E+001
        20         0.120806505533808E+001
        21         0.120830729236010E+001
        22         0.120824960989242E+001
        23         0.120825021862396E+001
        24         0.120825024042283E+001
        25         0.120824799989316E+001
        26         0.120824472911975E+001
        27         0.120824364345929E+001
 
         1         0.106979240152345E+001
         2         0.109622059245602E+001
         3         0.110448638491054E+001
         4         0.112117550938779E+001
         5         0.116902320511333E+001
         6         0.120285436100707E+001
         7         0.119709227617861E+001
         8         0.113565559927019E+001
         9         0.117574074205793E+001
        10         0.117469352896213E+001
        11         0.118743509949879E+001
        12         0.118242924936438E+001
        13         0.118079570550098E+001
        14         0.117732714449994E+001
        15         0.117395408890465E+001
        16         0.116544893895167E+001
        17         0.116668605562190E+001
        18         0.116169211964484E+001
        19         0.116154489677172E+001
        20         0.116135725699524E+001
        21         0.116095905823718E+001
        22         0.116109242480060E+001
        23         0.116107497881055E+001
        24         0.116106293232230E+001
        25         0.116106141923080E+001
        26         0.116106146024302E+001
        27         0.116106139400045E+001
 
         1         0.107236788610348E+001
         2         0.110118059318944E+001
         3         0.111027119044548E+001
         4         0.112916289268025E+001
         5         0.118181325630415E+001
         6         0.120901991669602E+001
         7         0.120199920816113E+001
         8         0.113515903150624E+001
         9         0.117480490167609E+001
        10         0.117327265260385E+001
        11         0.119001904292845E+001
        12         0.118863310747467E+001
        13         0.118610021297753E+001
        14         0.118465858264605E+001
        15         0.118233267438378E+001
        16         0.117853692657266E+001
        17         0.117911340737888E+001
        18         0.117651463468765E+001
        19         0.117641043685652E+001
        20         0.117631115859182E+001
        21         0.117611634463528E+001
        22         0.117619865640275E+001
        23         0.117619401786882E+001
        24         0.117619248031152E+001
        25         0.117619570665381E+001
        26         0.117620156577857E+001
        27         0.117620274416816E+001
 
         1         0.107684805586452E+001
         2         0.110946215170860E+001
         3         0.111959961471399E+001
         4         0.114213367124300E+001
         5         0.122214145646670E+001
         6         0.129469535623237E+001
         7         0.130210788079491E+001
         8         0.129779570172471E+001
         9         0.134380753135654E+001
        10         0.134737508067801E+001
        11         0.133852246868421E+001
        12         0.132044398190294E+001
        13         0.133185036671999E+001
        14         0.133481282451595E+001
        15         0.134247615181832E+001
        16         0.135129903632995E+001
        17         0.134848509153055E+001
        18         0.135499016601964E+001
        19         0.135543067402288E+001
        20         0.135564934730730E+001
        21         0.135610088947715E+001
        22         0.135591761139450E+001
        23         0.135593096400586E+001
        24         0.135593729706617E+001
        25         0.135593232624187E+001
        26         0.135592178948707E+001
        27         0.135592001450872E+001
 
