         2        -0.200104094409214E+004
         3        -0.200100136780005E+004
         4        -0.200295443952020E+004
         5        -0.200336837218086E+004
         6        -0.200344431779323E+004
         7        -0.200360027879817E+004
         8        -0.200313460498488E+004
         9        -0.200339262946565E+004
        10        -0.200360821487606E+004
        11        -0.200361555585618E+004
        12        -0.200361398558507E+004
        13        -0.200361563408776E+004
        14        -0.200361566080274E+004
        15        -0.200361580139224E+004
        16        -0.200361565992244E+004
        17        -0.200361584730919E+004
        18        -0.200361577783342E+004
        19        -0.200361581009061E+004
        20        -0.200361581826553E+004
        21        -0.200361581157840E+004
        22        -0.200361581186721E+004
        23        -0.200361581231110E+004
        24        -0.200361581322609E+004
        25        -0.200361581300642E+004
        26        -0.200361581331900E+004
