         1         0.100000000000000E+001
         2         0.100000000000000E+001
         3         0.100000000000000E+001
         4         0.100000000000000E+001
         5         0.100000000000000E+001
         6         0.100000000000000E+001
         7         0.100000000000000E+001
         8         0.100000000000000E+001
         9         0.100000000000000E+001
        10         0.100000000000000E+001
        11         0.100000000000000E+001
        12         0.100000000000000E+001
        13         0.100000000000000E+001
        14         0.100000000000000E+001
        15         0.100000000000000E+001
        16         0.100000000000000E+001
        17         0.100000000000000E+001
        18         0.100000000000000E+001
        19         0.100000000000000E+001
        20         0.100000000000000E+001
        21         0.100000000000000E+001
        22         0.100000000000000E+001
        23         0.100000000000000E+001
        24         0.100000000000000E+001
        25         0.100000000000000E+001
        26         0.100000000000000E+001
 
         1         0.100000000000000E+001
         2         0.100000000000000E+001
         3         0.100000000000000E+001
         4         0.100000000000000E+001
         5         0.100000000000000E+001
         6         0.100000000000000E+001
         7         0.100000000000000E+001
         8         0.100000000000000E+001
         9         0.100000000000000E+001
        10         0.100000000000000E+001
        11         0.100000000000000E+001
        12         0.100000000000000E+001
        13         0.100000000000000E+001
        14         0.100000000000000E+001
        15         0.100000000000000E+001
        16         0.100000000000000E+001
        17         0.100000000000000E+001
        18         0.100000000000000E+001
        19         0.100000000000000E+001
        20         0.100000000000000E+001
        21         0.100000000000000E+001
        22         0.100000000000000E+001
        23         0.100000000000000E+001
        24         0.100000000000000E+001
        25         0.100000000000000E+001
        26         0.100000000000000E+001
 
         1         0.107587249127557E+001
         2         0.110782057140499E+001
         3         0.111735225190472E+001
         4         0.114021155270141E+001
         5         0.115377584057122E+001
         6         0.113465748741712E+001
         7         0.114786529698054E+001
         8         0.115294025459176E+001
         9         0.116809667092705E+001
        10         0.115438240667861E+001
        11         0.115824941212169E+001
        12         0.115480987038781E+001
        13         0.115578816408178E+001
        14         0.115699033868890E+001
        15         0.115747407513128E+001
        16         0.115792822234626E+001
        17         0.115835560482526E+001
        18         0.115834068815047E+001
        19         0.115841245969109E+001
        20         0.115849524326717E+001
        21         0.115852351893974E+001
        22         0.115852282539430E+001
        23         0.115852490425041E+001
        24         0.115852548833921E+001
        25         0.115852524376035E+001
        26         0.115852474532963E+001
 
         1         0.107557261180693E+001
         2         0.110593621011124E+001
         3         0.111529635863063E+001
         4         0.113499933580937E+001
         5         0.112605313618739E+001
         6         0.110842815513127E+001
         7         0.109763012545890E+001
         8         0.112631931595625E+001
         9         0.110915416047551E+001
        10         0.109475495382653E+001
        11         0.110254742623222E+001
        12         0.110003802072261E+001
        13         0.110093863439611E+001
        14         0.109899650095465E+001
        15         0.109989286813633E+001
        16         0.110018720551553E+001
        17         0.110004464547862E+001
        18         0.109997483161428E+001
        19         0.109999537751700E+001
        20         0.109998222240748E+001
        21         0.109999667372302E+001
        22         0.110000416775026E+001
        23         0.110000380809626E+001
        24         0.110000281049601E+001
        25         0.110000265429844E+001
        26         0.110000264343946E+001
 
         1         0.107469080039671E+001
         2         0.108484150883100E+001
         3         0.109969598891707E+001
         4         0.109778061352527E+001
         5         0.112599679779440E+001
         6         0.117444045643609E+001
         7         0.118828031745474E+001
         8         0.112055475143106E+001
         9         0.117342295308408E+001
        10         0.120238564990212E+001
        11         0.119973817704098E+001
        12         0.120020270380723E+001
        13         0.119951666019154E+001
        14         0.120174366972149E+001
        15         0.120226420349376E+001
        16         0.120254119747602E+001
        17         0.120369569545164E+001
        18         0.120370031272924E+001
        19         0.120378367712976E+001
        20         0.120393410492056E+001
        21         0.120399198205846E+001
        22         0.120400618441414E+001
        23         0.120400559430945E+001
        24         0.120400658574733E+001
        25         0.120400525830788E+001
        26         0.120400470355925E+001
 
         1         0.106973451296022E+001
         2         0.109624120914239E+001
         3         0.110486843376389E+001
         4         0.112349224060600E+001
         5         0.116620665286355E+001
         6         0.120118269702001E+001
         7         0.119199988172671E+001
         8         0.114551950558680E+001
         9         0.117673627220405E+001
        10         0.118413194827976E+001
        11         0.117789321950024E+001
        12         0.117601455643251E+001
        13         0.117315469295300E+001
        14         0.116579393578944E+001
        15         0.116589520652364E+001
        16         0.116292008319503E+001
        17         0.116138369571240E+001
        18         0.116099799041262E+001
        19         0.116076614910504E+001
        20         0.116067769514263E+001
        21         0.116065563476856E+001
        22         0.116067852179050E+001
        23         0.116066767142437E+001
        24         0.116066576949237E+001
        25         0.116066435866743E+001
        26         0.116066614200306E+001
 
         1         0.107241246607845E+001
         2         0.110148917489026E+001
         3         0.111096380680271E+001
         4         0.113220421771767E+001
         5         0.117992094051314E+001
         6         0.120852983761482E+001
         7         0.119633901532853E+001
         8         0.114609349357436E+001
         9         0.117671946210392E+001
        10         0.118848628248519E+001
        11         0.118230180919352E+001
        12         0.118296192980515E+001
        13         0.118134963265724E+001
        14         0.117937449888009E+001
        15         0.117892497854793E+001
        16         0.117772422880278E+001
        17         0.117707436364076E+001
        18         0.117684257999803E+001
        19         0.117669976953143E+001
        20         0.117649052939175E+001
        21         0.117641291371754E+001
        22         0.117638501843836E+001
        23         0.117638226797459E+001
        24         0.117638317622000E+001
        25         0.117638435737340E+001
        26         0.117638587466516E+001
 
         1         0.107684036214799E+001
         2         0.110946458390927E+001
         3         0.112021050791007E+001
         4         0.114560866480511E+001
         5         0.121767780730211E+001
         6         0.129586811280729E+001
         7         0.130819160679362E+001
         8         0.130295178938713E+001
         9         0.134692426318891E+001
        10         0.132720055833898E+001
        11         0.133811937389103E+001
        12         0.133780815906391E+001
        13         0.134194953444357E+001
        14         0.134820120101176E+001
        15         0.134819274693209E+001
        16         0.135163526676869E+001
        17         0.135276673319093E+001
        18         0.135342021275117E+001
        19         0.135374706572360E+001
        20         0.135412963853516E+001
        21         0.135426351750635E+001
        22         0.135430518174753E+001
        23         0.135431597725425E+001
        24         0.135431438287681E+001
        25         0.135431357898449E+001
        26         0.135431007097575E+001
 
