         2        -0.200104273959629E+004
         3        -0.200032248650687E+004
         4        -0.200288614151006E+004
         5        -0.200334458736212E+004
         6        -0.200350141151846E+004
         7        -0.200352689009673E+004
         8        -0.200292114524372E+004
         9        -0.200319409040798E+004
        10        -0.200358454925421E+004
        11        -0.200353070902362E+004
        12        -0.200342901349761E+004
        13        -0.200348399108939E+004
        14        -0.200356171810454E+004
        15        -0.200361492417535E+004
        16        -0.200360278900772E+004
        17        -0.200361318031711E+004
        18        -0.200361656591038E+004
        19        -0.200361654082295E+004
        20        -0.200361660232649E+004
        21        -0.200361663524778E+004
        22        -0.200361635406987E+004
        23        -0.200361658517145E+004
        24        -0.200361674056202E+004
        25        -0.200361671382312E+004
        26        -0.200361672893718E+004
        27        -0.200361671743959E+004
        28        -0.200361671602181E+004
        29        -0.200361672763593E+004
        30        -0.200361671764149E+004
        31        -0.200361672313367E+004
        32        -0.200361672193027E+004
        33        -0.200361672083337E+004
        34        -0.200361672140419E+004
        35        -0.200361672188589E+004
        36        -0.200361672170516E+004
