Main version: 5.00
Sub  version: M-CPA
naps     6 nmax   18
------ Voronoi cell ------ S:    1  np    10
   1     3     -1      0      0
   2     3      0     -1      0
   3     3      0      0      0
   4     4      0      0      0
   5     4      0      0      1
   6     5      0      0     -1
   7     5      0      0      0
   8     6      0      0      0
   9     6      0      1      0
  10     6      1      0      0
------ Voronoi cell ------ S:    2  np    10
   1     3     -1     -1     -1
   2     3     -1     -1      0
   3     4     -1     -1      0
   4     4     -1      0      0
   5     4      0      0      0
   6     5     -1     -1     -1
   7     5      0     -1     -1
   8     5      0      0     -1
   9     6      0      0     -1
  10     6      0      0      0
------ Voronoi cell ------ S:    3  np    18
   1     1      0      0      0
   2     1      0      1      0
   3     1      1      0      0
   4     2      1      1      0
   5     2      1      1      1
   6     3      0      0     -1
   7     3      0      0      1
   8     4      0      0      0
   9     4      0      0      1
  10     4      0      1      0
  11     4      0      1      1
  12     5      0      0     -1
  13     5      0      0      0
  14     5      1      0     -1
  15     5      1      0      0
  16     6      0      1      0
  17     6      1      0      0
  18     6      1      1      0
------ Voronoi cell ------ S:    4  np    18
   1     1      0      0     -1
   2     1      0      0      0
   3     2      0      0      0
   4     2      1      0      0
   5     2      1      1      0
   6     3      0     -1     -1
   7     3      0     -1      0
   8     3      0      0     -1
   9     3      0      0      0
  10     4      0      0     -1
  11     4      0      0      1
  12     5      0     -1     -1
  13     5      0      0     -1
  14     5      1      0     -1
  15     6      0      0     -1
  16     6      0      0      0
  17     6      1      0     -1
  18     6      1      0      0
------ Voronoi cell ------ S:    5  np    18
   1     1      0      0      0
   2     1      0      0      1
   3     2      0      0      1
   4     2      0      1      1
   5     2      1      1      1
   6     3     -1      0      0
   7     3     -1      0      1
   8     3      0      0      0
   9     3      0      0      1
  10     4     -1      0      1
  11     4      0      0      1
  12     4      0      1      1
  13     5      0      0     -1
  14     5      0      0      1
  15     6      0      0      0
  16     6      0      0      1
  17     6      0      1      0
  18     6      0      1      1
------ Voronoi cell ------ S:    6  np    18
   1     1     -1      0      0
   2     1      0     -1      0
   3     1      0      0      0
   4     2      0      0      0
   5     2      0      0      1
   6     3     -1     -1      0
   7     3     -1      0      0
   8     3      0     -1      0
   9     4     -1      0      0
  10     4     -1      0      1
  11     4      0      0      0
  12     4      0      0      1
  13     5      0     -1     -1
  14     5      0     -1      0
  15     5      0      0     -1
  16     5      0      0      0
  17     6      0      0     -1
  18     6      0      0      1
