         1         0.100000000000000E+001
         2         0.100000000000000E+001
         3         0.100000000000000E+001
         4         0.100000000000000E+001
         5         0.100000000000000E+001
         6         0.100000000000000E+001
         7         0.100000000000000E+001
         8         0.100000000000000E+001
         9         0.100000000000000E+001
        10         0.100000000000000E+001
        11         0.100000000000000E+001
        12         0.100000000000000E+001
        13         0.100000000000000E+001
        14         0.100000000000000E+001
        15         0.100000000000000E+001
        16         0.100000000000000E+001
        17         0.100000000000000E+001
        18         0.100000000000000E+001
        19         0.100000000000000E+001
        20         0.100000000000000E+001
        21         0.100000000000000E+001
        22         0.100000000000000E+001
        23         0.100000000000000E+001
        24         0.100000000000000E+001
        25         0.100000000000000E+001
        26         0.100000000000000E+001
        27         0.100000000000000E+001
        28         0.100000000000000E+001
        29         0.100000000000000E+001
        30         0.100000000000000E+001
        31         0.100000000000000E+001
        32         0.100000000000000E+001
        33         0.100000000000000E+001
        34         0.100000000000000E+001
        35         0.100000000000000E+001
        36         0.100000000000000E+001
 
         1         0.100000000000000E+001
         2         0.100000000000000E+001
         3         0.100000000000000E+001
         4         0.100000000000000E+001
         5         0.100000000000000E+001
         6         0.100000000000000E+001
         7         0.100000000000000E+001
         8         0.100000000000000E+001
         9         0.100000000000000E+001
        10         0.100000000000000E+001
        11         0.100000000000000E+001
        12         0.100000000000000E+001
        13         0.100000000000000E+001
        14         0.100000000000000E+001
        15         0.100000000000000E+001
        16         0.100000000000000E+001
        17         0.100000000000000E+001
        18         0.100000000000000E+001
        19         0.100000000000000E+001
        20         0.100000000000000E+001
        21         0.100000000000000E+001
        22         0.100000000000000E+001
        23         0.100000000000000E+001
        24         0.100000000000000E+001
        25         0.100000000000000E+001
        26         0.100000000000000E+001
        27         0.100000000000000E+001
        28         0.100000000000000E+001
        29         0.100000000000000E+001
        30         0.100000000000000E+001
        31         0.100000000000000E+001
        32         0.100000000000000E+001
        33         0.100000000000000E+001
        34         0.100000000000000E+001
        35         0.100000000000000E+001
        36         0.100000000000000E+001
 
         1         0.107591662096899E+001
         2         0.110797035451724E+001
         3         0.111655884889724E+001
         4         0.113577748076330E+001
         5         0.114995366506241E+001
         6         0.113424209251314E+001
         7         0.114180572128858E+001
         8         0.113923833070469E+001
         9         0.116856084538410E+001
        10         0.117102503727010E+001
        11         0.116485861557289E+001
        12         0.116896579982280E+001
        13         0.116716944178506E+001
        14         0.116330172943040E+001
        15         0.115260841956806E+001
        16         0.115440656868559E+001
        17         0.115506634392784E+001
        18         0.115485685360098E+001
        19         0.115486018800268E+001
        20         0.115532358829185E+001
        21         0.115742124209351E+001
        22         0.115897049595243E+001
        23         0.115961818261986E+001
        24         0.115932361508895E+001
        25         0.115955572784173E+001
        26         0.115945075008221E+001
        27         0.115938163555404E+001
        28         0.115935945152717E+001
        29         0.115936658009541E+001
        30         0.115937718693387E+001
        31         0.115938306499641E+001
        32         0.115938774848262E+001
        33         0.115939002113385E+001
        34         0.115939300511301E+001
        35         0.115939282726368E+001
        36         0.115939294346852E+001
 
         1         0.107558199650699E+001
         2         0.110615073115295E+001
         3         0.111452048941421E+001
         4         0.113130333782776E+001
         5         0.111488380834488E+001
         6         0.110613596903851E+001
         7         0.109967532783620E+001
         8         0.112108752698892E+001
         9         0.110310006010355E+001
        10         0.110626360624127E+001
        11         0.109271584984664E+001
        12         0.109240878718597E+001
        13         0.109253161303668E+001
        14         0.109019792263994E+001
        15         0.109888079001448E+001
        16         0.109845002484579E+001
        17         0.109984566612503E+001
        18         0.109994311955565E+001
        19         0.109958114691733E+001
        20         0.109929469657663E+001
        21         0.109911042491885E+001
        22         0.109908169205279E+001
        23         0.109883938641489E+001
        24         0.109832968674393E+001
        25         0.109845521337060E+001
        26         0.109833583609297E+001
        27         0.109833741978058E+001
        28         0.109834282013057E+001
        29         0.109833270378465E+001
        30         0.109833788932600E+001
        31         0.109833740121040E+001
        32         0.109833579057829E+001
        33         0.109833602589114E+001
        34         0.109833691903390E+001
        35         0.109833672298051E+001
        36         0.109833678814476E+001
 
         1         0.107501933748008E+001
         2         0.108821923857428E+001
         3         0.110323456713041E+001
         4         0.110575854049890E+001
         5         0.113836464810051E+001
         6         0.118745859643935E+001
         7         0.120253304801897E+001
         8         0.113426075423414E+001
         9         0.115932776765959E+001
        10         0.115564881849574E+001
        11         0.117376318237249E+001
        12         0.117988483999887E+001
        13         0.119100173843100E+001
        14         0.120185760119270E+001
        15         0.119453795582911E+001
        16         0.120486411987364E+001
        17         0.120224533257485E+001
        18         0.120269471898486E+001
        19         0.120291739532536E+001
        20         0.120361752598420E+001
        21         0.120611306800953E+001
        22         0.121006093537273E+001
        23         0.121133762238769E+001
        24         0.121098367688339E+001
        25         0.121129871083127E+001
        26         0.121110225244266E+001
        27         0.121100666148341E+001
        28         0.121095038853683E+001
        29         0.121097106790549E+001
        30         0.121096790608617E+001
        31         0.121097802384270E+001
        32         0.121099152921797E+001
        33         0.121099559849850E+001
        34         0.121099750507353E+001
        35         0.121099771258583E+001
        36         0.121099762460418E+001
 
         1         0.106983160867412E+001
         2         0.109620139025670E+001
         3         0.110423552431381E+001
         4         0.111985943935238E+001
         5         0.117100083363306E+001
         6         0.120461162640769E+001
         7         0.120020566812147E+001
         8         0.114177492041693E+001
         9         0.118251768034762E+001
        10         0.117947734354087E+001
        11         0.118458423838882E+001
        12         0.118094592014489E+001
        13         0.117907426806114E+001
        14         0.117973222492340E+001
        15         0.118605689484771E+001
        16         0.118175621420564E+001
        17         0.118054990280755E+001
        18         0.117990583668334E+001
        19         0.117833005655564E+001
        20         0.117661275391146E+001
        21         0.117009609078533E+001
        22         0.116502547191920E+001
        23         0.116163392060124E+001
        24         0.116199905521495E+001
        25         0.116142823266646E+001
        26         0.116159959229375E+001
        27         0.116158361909018E+001
        28         0.116150764577800E+001
        29         0.116149075615280E+001
        30         0.116143391766753E+001
        31         0.116142487957803E+001
        32         0.116139837619639E+001
        33         0.116137876181972E+001
        34         0.116137202394100E+001
        35         0.116137272487556E+001
        36         0.116137232314898E+001
 
         1         0.107233792366549E+001
         2         0.110094959821560E+001
         3         0.110981171737485E+001
         4         0.112740856501009E+001
         5         0.118303692585244E+001
         6         0.121002887459441E+001
         7         0.120563321585496E+001
         8         0.114074381819813E+001
         9         0.118250486851611E+001
        10         0.117864809197036E+001
        11         0.118697148901722E+001
        12         0.118319664267398E+001
        13         0.118112757769754E+001
        14         0.118334688365030E+001
        15         0.119138179968817E+001
        16         0.118795669879658E+001
        17         0.118700789330498E+001
        18         0.118666233704442E+001
        19         0.118566373547837E+001
        20         0.118445003801598E+001
        21         0.117997211025077E+001
        22         0.117693243532589E+001
        23         0.117526251609396E+001
        24         0.117580126703456E+001
        25         0.117555842342083E+001
        26         0.117592930293086E+001
        27         0.117611783012082E+001
        28         0.117613819672030E+001
        29         0.117615926981302E+001
        30         0.117613063359248E+001
        31         0.117612591124900E+001
        32         0.117612042103359E+001
        33         0.117611297578365E+001
        34         0.117610661150248E+001
        35         0.117610741917487E+001
        36         0.117610717300198E+001
 
         1         0.107685288111664E+001
         2         0.110946007816231E+001
         3         0.111919781572013E+001
         4         0.114016586970296E+001
         5         0.122527272031448E+001
         6         0.129336682119306E+001
         7         0.129597199436385E+001
         8         0.129570343785692E+001
         9         0.133779145031504E+001
        10         0.134346433493563E+001
        11         0.136533518781076E+001
        12         0.137079925624305E+001
        13         0.136863666711196E+001
        14         0.135199648335780E+001
        15         0.132796986214736E+001
        16         0.132689307118528E+001
        17         0.133124610262391E+001
        18         0.133171462529527E+001
        19         0.133461618997803E+001
        20         0.133765053004660E+001
        21         0.134864207570659E+001
        22         0.135383917790260E+001
        23         0.135797973870111E+001
        24         0.135713219403950E+001
        25         0.135763267625024E+001
        26         0.135697782821998E+001
        27         0.135664440192321E+001
        28         0.135666050081366E+001
        29         0.135660217020824E+001
        30         0.135668168967717E+001
        31         0.135668871310915E+001
        32         0.135670134177330E+001
        33         0.135672032678136E+001
        34         0.135673418230795E+001
        35         0.135673210284143E+001
        36         0.135673284268452E+001
 
