         2        -0.200361551746965E+004
         3        -0.200361304622793E+004
         4        -0.200361964392556E+004
         5        -0.200361967514824E+004
         6        -0.200361954865834E+004
         7        -0.200361956627986E+004
         8        -0.200361957379303E+004
         9        -0.200361957353505E+004
        10        -0.200361958028885E+004
        11        -0.200361957130727E+004
        12        -0.200361956923032E+004
        13        -0.200361956782656E+004
        14        -0.200361956881059E+004
