         1         0.100000000000000E+001
         2         0.100000000000000E+001
         3         0.100000000000000E+001
         4         0.100000000000000E+001
         5         0.100000000000000E+001
         6         0.100000000000000E+001
         7         0.100000000000000E+001
         8         0.100000000000000E+001
         9         0.100000000000000E+001
        10         0.100000000000000E+001
        11         0.100000000000000E+001
        12         0.100000000000000E+001
        13         0.100000000000000E+001
        14         0.100000000000000E+001
 
         1         0.100000000000000E+001
         2         0.100000000000000E+001
         3         0.100000000000000E+001
         4         0.100000000000000E+001
         5         0.100000000000000E+001
         6         0.100000000000000E+001
         7         0.100000000000000E+001
         8         0.100000000000000E+001
         9         0.100000000000000E+001
        10         0.100000000000000E+001
        11         0.100000000000000E+001
        12         0.100000000000000E+001
        13         0.100000000000000E+001
        14         0.100000000000000E+001
 
         1         0.115452573850357E+001
         2         0.115891842307652E+001
         3         0.115743809121953E+001
         4         0.115832975832156E+001
         5         0.115834302871319E+001
         6         0.115829405022431E+001
         7         0.115831014160936E+001
         8         0.115837654520370E+001
         9         0.115845501884595E+001
        10         0.115848096729896E+001
        11         0.115849039292264E+001
        12         0.115849210583401E+001
        13         0.115848620897640E+001
        14         0.115848509343634E+001
 
         1         0.112701608191551E+001
         2         0.113018406978389E+001
         3         0.112869266909659E+001
         4         0.112880788382362E+001
         5         0.112877950508341E+001
         6         0.112872708635100E+001
         7         0.112873474242200E+001
         8         0.112875663118067E+001
         9         0.112875787837605E+001
        10         0.112876637505382E+001
        11         0.112877009678567E+001
        12         0.112877125301922E+001
        13         0.112876953176601E+001
        14         0.112876948938471E+001
 
         1         0.120289377100088E+001
         2         0.120861409838978E+001
         3         0.120478013203175E+001
         4         0.120586394499549E+001
         5         0.120651100662642E+001
         6         0.120649704127615E+001
         7         0.120649692228785E+001
         8         0.120656868516333E+001
         9         0.120666584821462E+001
        10         0.120671823715044E+001
        11         0.120673626215097E+001
        12         0.120674201572067E+001
        13         0.120673264590765E+001
        14         0.120673145571153E+001
 
         1         0.115677388274481E+001
         2         0.115560843629355E+001
         3         0.115606065274016E+001
         4         0.115578291131154E+001
         5         0.115565291090639E+001
         6         0.115549897046413E+001
         7         0.115541983204165E+001
         8         0.115517671267198E+001
         9         0.115484326323427E+001
        10         0.115477140621200E+001
        11         0.115474597502414E+001
        12         0.115474525211941E+001
        13         0.115476516092874E+001
        14         0.115477162000424E+001
 
         1         0.120419283924512E+001
         2         0.120328026994850E+001
         3         0.120369725103527E+001
         4         0.120358574314732E+001
         5         0.120355652788808E+001
         6         0.120353986532354E+001
         7         0.120352377556152E+001
         8         0.120347141798214E+001
         9         0.120340379712859E+001
        10         0.120338737331259E+001
        11         0.120338150184548E+001
        12         0.120338098351664E+001
        13         0.120338516484550E+001
        14         0.120338631077648E+001
 
         1         0.138556113501297E+001
         2         0.138027493406707E+001
         3         0.138448628929645E+001
         4         0.138442038126974E+001
         5         0.138396861763226E+001
         6         0.138414489544291E+001
         7         0.138423138191659E+001
         8         0.138443969135774E+001
         9         0.138475674696693E+001
        10         0.138479560905330E+001
        11         0.138481132434746E+001
        12         0.138480746993841E+001
        13         0.138479264207363E+001
        14         0.138478713336606E+001
 
