         2        -0.200104313807221E+004
         3        -0.200074421903388E+004
         4        -0.200292867378729E+004
         5        -0.200336161075568E+004
         6        -0.200346544679403E+004
         7        -0.200359590678390E+004
         8        -0.200302744826732E+004
         9        -0.200324564862292E+004
        10        -0.200359683086587E+004
        11        -0.200359106068666E+004
        12        -0.200361654421419E+004
        13        -0.200361614093725E+004
        14        -0.200361707006816E+004
        15        -0.200361717430885E+004
        16        -0.200361675589539E+004
        17        -0.200361730934039E+004
        18        -0.200361732735514E+004
        19        -0.200361732676777E+004
        20        -0.200361730515858E+004
        21        -0.200361732602121E+004
        22        -0.200361731700981E+004
        23        -0.200361731891206E+004
        24        -0.200361731192158E+004
        25        -0.200361731425848E+004
        26        -0.200361731255861E+004
        27        -0.200361731309973E+004
        28        -0.200361731304401E+004
