         1         0.100000000000000E+001
         2         0.100000000000000E+001
         3         0.100000000000000E+001
         4         0.100000000000000E+001
         5         0.100000000000000E+001
         6         0.100000000000000E+001
         7         0.100000000000000E+001
         8         0.100000000000000E+001
         9         0.100000000000000E+001
        10         0.100000000000000E+001
        11         0.100000000000000E+001
        12         0.100000000000000E+001
        13         0.100000000000000E+001
        14         0.100000000000000E+001
        15         0.100000000000000E+001
        16         0.100000000000000E+001
        17         0.100000000000000E+001
        18         0.100000000000000E+001
        19         0.100000000000000E+001
        20         0.100000000000000E+001
        21         0.100000000000000E+001
        22         0.100000000000000E+001
        23         0.100000000000000E+001
        24         0.100000000000000E+001
        25         0.100000000000000E+001
        26         0.100000000000000E+001
        27         0.100000000000000E+001
        28         0.100000000000000E+001
 
         1         0.100000000000000E+001
         2         0.100000000000000E+001
         3         0.100000000000000E+001
         4         0.100000000000000E+001
         5         0.100000000000000E+001
         6         0.100000000000000E+001
         7         0.100000000000000E+001
         8         0.100000000000000E+001
         9         0.100000000000000E+001
        10         0.100000000000000E+001
        11         0.100000000000000E+001
        12         0.100000000000000E+001
        13         0.100000000000000E+001
        14         0.100000000000000E+001
        15         0.100000000000000E+001
        16         0.100000000000000E+001
        17         0.100000000000000E+001
        18         0.100000000000000E+001
        19         0.100000000000000E+001
        20         0.100000000000000E+001
        21         0.100000000000000E+001
        22         0.100000000000000E+001
        23         0.100000000000000E+001
        24         0.100000000000000E+001
        25         0.100000000000000E+001
        26         0.100000000000000E+001
        27         0.100000000000000E+001
        28         0.100000000000000E+001
 
         1         0.107589060015730E+001
         2         0.110788261230552E+001
         3         0.111703490687875E+001
         4         0.113828362061524E+001
         5         0.115248988371834E+001
         6         0.113438084885226E+001
         7         0.114477660638230E+001
         8         0.113830908784822E+001
         9         0.117162961749125E+001
        10         0.116665652234874E+001
        11         0.116399218901242E+001
        12         0.115396666705091E+001
        13         0.115718376536222E+001
        14         0.115572313958863E+001
        15         0.115626267304522E+001
        16         0.115673078168211E+001
        17         0.115723962336974E+001
        18         0.115852489012769E+001
        19         0.115873790300166E+001
        20         0.115881798664226E+001
        21         0.115881980886831E+001
        22         0.115883010932889E+001
        23         0.115886272732744E+001
        24         0.115885986493343E+001
        25         0.115886519551995E+001
        26         0.115886493622226E+001
        27         0.115886513580763E+001
        28         0.115886521652364E+001
 
         1         0.107557627999676E+001
         2         0.110602155886982E+001
         3         0.111498459733921E+001
         4         0.113340950250442E+001
         5         0.112170208420475E+001
         6         0.110727796299395E+001
         7         0.109828425160595E+001
         8         0.111587695911794E+001
         9         0.111308328781174E+001
        10         0.110505458137801E+001
        11         0.110672938460931E+001
        12         0.109605568709666E+001
        13         0.110258728193629E+001
        14         0.109931753944763E+001
        15         0.109959436162744E+001
        16         0.109987657522689E+001
        17         0.109948009986000E+001
        18         0.109923220210391E+001
        19         0.109924340684026E+001
        20         0.109930091301761E+001
        21         0.109927989442302E+001
        22         0.109927838493286E+001
        23         0.109927667600507E+001
        24         0.109928095981475E+001
        25         0.109928151112601E+001
        26         0.109928241004976E+001
        27         0.109928205741402E+001
        28         0.109928215321187E+001
 
         1         0.107483057417169E+001
         2         0.108624709574728E+001
         3         0.110126974265112E+001
         4         0.110132584093396E+001
         5         0.113078237964383E+001
         6         0.117914812425044E+001
         7         0.119502683154296E+001
         8         0.112659297672548E+001
         9         0.116282014018539E+001
        10         0.117271320899287E+001
        11         0.119347589965952E+001
        12         0.120462845541210E+001
        13         0.119946717589282E+001
        14         0.120210272242939E+001
        15         0.120316093637236E+001
        16         0.120293455240346E+001
        17         0.120402972138193E+001
        18         0.120620671715311E+001
        19         0.120662173922825E+001
        20         0.120669978371073E+001
        21         0.120673887190332E+001
        22         0.120675846417724E+001
        23         0.120684559733564E+001
        24         0.120683339300693E+001
        25         0.120684836803212E+001
        26         0.120684633941947E+001
        27         0.120684707610288E+001
        28         0.120684725382133E+001
 
         1         0.106977292632734E+001
         2         0.109622857448576E+001
         3         0.110461267513943E+001
         4         0.112189879439211E+001
         5         0.116803708063015E+001
         6         0.120220612776982E+001
         7         0.119547650543088E+001
         8         0.113670160057060E+001
         9         0.117504590013805E+001
        10         0.117961486308638E+001
        11         0.117645716383295E+001
        12         0.117781277021771E+001
        13         0.117366798692933E+001
        14         0.117554771477604E+001
        15         0.117254179775687E+001
        16         0.116921865277030E+001
        17         0.116699639045004E+001
        18         0.116204181776094E+001
        19         0.116120691972217E+001
        20         0.116079950141476E+001
        21         0.116082508022911E+001
        22         0.116087526452058E+001
        23         0.116090840189076E+001
        24         0.116090993663997E+001
        25         0.116091690222155E+001
        26         0.116091832579282E+001
        27         0.116091817708130E+001
        28         0.116091790831717E+001
 
         1         0.107238277141263E+001
         2         0.110128838758028E+001
         3         0.111050132390787E+001
         4         0.113011810424784E+001
         5         0.118116114064931E+001
         6         0.120876982837065E+001
         7         0.120020245954919E+001
         8         0.113643234415274E+001
         9         0.117417751076838E+001
        10         0.117993482035243E+001
        11         0.117994353386980E+001
        12         0.118564002715068E+001
        13         0.118028161068767E+001
        14         0.118304825705469E+001
        15         0.118156312394634E+001
        16         0.118003191713841E+001
        17         0.117918595643473E+001
        18         0.117712906923449E+001
        19         0.117670526962249E+001
        20         0.117641314204291E+001
        21         0.117639584607154E+001
        22         0.117635212967829E+001
        23         0.117627405317995E+001
        24         0.117627496070120E+001
        25         0.117625990491964E+001
        26         0.117625796612528E+001
        27         0.117625741559609E+001
        28         0.117625720263636E+001
 
         1         0.107684555295671E+001
         2         0.110946309594626E+001
         3         0.111980188180802E+001
         4         0.114321707982332E+001
         5         0.122056976918938E+001
         6         0.129515297082171E+001
         7         0.130454299042267E+001
         8         0.129966923232184E+001
         9         0.134609097639764E+001
        10         0.135085815751244E+001
        11         0.134868164872972E+001
        12         0.133331619235228E+001
        13         0.134687961023225E+001
        14         0.133963458018181E+001
        15         0.134230021236949E+001
        16         0.134673120599060E+001
        17         0.134867179429002E+001
        18         0.135359697240541E+001
        19         0.135453782626917E+001
        20         0.135522840591016E+001
        21         0.135522868398968E+001
        22         0.135529706109559E+001
        23         0.135540360491680E+001
        24         0.135540923662442E+001
        25         0.135542951000717E+001
        26         0.135543464440713E+001
        27         0.135543539794077E+001
        28         0.135543571428920E+001
 
