         2        -0.200103902201296E+004
         3        -0.200111883794312E+004
         4        -0.200296588129169E+004
         5        -0.200337004043544E+004
         6        -0.200343528277701E+004
         7        -0.200359772897978E+004
         8        -0.200318303662563E+004
         9        -0.200345227397463E+004
        10        -0.200360977614446E+004
        11        -0.200361165980670E+004
        12        -0.200361312202546E+004
        13        -0.200361437930323E+004
        14        -0.200361430722311E+004
        15        -0.200361437217902E+004
        16        -0.200361443197292E+004
        17        -0.200361446462792E+004
        18        -0.200361443414231E+004
        19        -0.200361445411146E+004
        20        -0.200361443847414E+004
        21        -0.200361443711063E+004
        22        -0.200361443056288E+004
        23        -0.200361443320842E+004
        24        -0.200361443136773E+004
        25        -0.200361443151516E+004
        26        -0.200361443050820E+004
        27        -0.200361443130373E+004
        28        -0.200361443125335E+004
