         1         0.100000000000000E+001
         2         0.100000000000000E+001
         3         0.100000000000000E+001
         4         0.100000000000000E+001
         5         0.100000000000000E+001
         6         0.100000000000000E+001
         7         0.100000000000000E+001
         8         0.100000000000000E+001
         9         0.100000000000000E+001
        10         0.100000000000000E+001
        11         0.100000000000000E+001
        12         0.100000000000000E+001
        13         0.100000000000000E+001
        14         0.100000000000000E+001
        15         0.100000000000000E+001
        16         0.100000000000000E+001
        17         0.100000000000000E+001
        18         0.100000000000000E+001
        19         0.100000000000000E+001
        20         0.100000000000000E+001
        21         0.100000000000000E+001
        22         0.100000000000000E+001
        23         0.100000000000000E+001
        24         0.100000000000000E+001
        25         0.100000000000000E+001
        26         0.100000000000000E+001
        27         0.100000000000000E+001
        28         0.100000000000000E+001
 
         1         0.100000000000000E+001
         2         0.100000000000000E+001
         3         0.100000000000000E+001
         4         0.100000000000000E+001
         5         0.100000000000000E+001
         6         0.100000000000000E+001
         7         0.100000000000000E+001
         8         0.100000000000000E+001
         9         0.100000000000000E+001
        10         0.100000000000000E+001
        11         0.100000000000000E+001
        12         0.100000000000000E+001
        13         0.100000000000000E+001
        14         0.100000000000000E+001
        15         0.100000000000000E+001
        16         0.100000000000000E+001
        17         0.100000000000000E+001
        18         0.100000000000000E+001
        19         0.100000000000000E+001
        20         0.100000000000000E+001
        21         0.100000000000000E+001
        22         0.100000000000000E+001
        23         0.100000000000000E+001
        24         0.100000000000000E+001
        25         0.100000000000000E+001
        26         0.100000000000000E+001
        27         0.100000000000000E+001
        28         0.100000000000000E+001
 
         1         0.107586316300198E+001
         2         0.110778858808842E+001
         3         0.111750479979844E+001
         4         0.114122630255316E+001
         5         0.115413500588945E+001
         6         0.113475803492473E+001
         7         0.114982443107731E+001
         8         0.116018742205750E+001
         9         0.116538742862519E+001
        10         0.115336975637490E+001
        11         0.115752134576221E+001
        12         0.115471231024763E+001
        13         0.115534577552257E+001
        14         0.115602812544155E+001
        15         0.115714385345936E+001
        16         0.115773056238368E+001
        17         0.115797111244285E+001
        18         0.115819083937520E+001
        19         0.115825245789087E+001
        20         0.115830090842719E+001
        21         0.115836808151614E+001
        22         0.115836342783817E+001
        23         0.115836834318415E+001
        24         0.115836597296415E+001
        25         0.115836171335148E+001
        26         0.115835908005284E+001
        27         0.115835902659453E+001
        28         0.115835914134623E+001
 
         1         0.107557076126250E+001
         2         0.110589462767114E+001
         3         0.111544788905895E+001
         4         0.113582591964021E+001
         5         0.112793470286199E+001
         6         0.110900724383133E+001
         7         0.109738664620104E+001
         8         0.113116673723248E+001
         9         0.110663994738886E+001
        10         0.109368672640678E+001
        11         0.110291702928535E+001
        12         0.110061392848083E+001
        13         0.110101380848411E+001
        14         0.110089035365115E+001
        15         0.110022642305722E+001
        16         0.110040062890306E+001
        17         0.110043981901505E+001
        18         0.110044294119426E+001
        19         0.110039784946100E+001
        20         0.110038719541745E+001
        21         0.110039470512539E+001
        22         0.110039664025177E+001
        23         0.110039284292732E+001
        24         0.110039401480598E+001
        25         0.110039564705456E+001
        26         0.110039607255188E+001
        27         0.110039565743580E+001
        28         0.110039551831782E+001
 
         1         0.107461607142308E+001
         2         0.108410620592488E+001
         3         0.109882025788996E+001
         4         0.109585043731799E+001
         5         0.112376896304041E+001
         6         0.117224877129627E+001
         7         0.118478163285132E+001
         8         0.112034914274186E+001
         9         0.117823539361545E+001
        10         0.120689880579703E+001
        11         0.119906389848218E+001
        12         0.119818936152018E+001
        13         0.119804252285001E+001
        14         0.119793064984192E+001
        15         0.120022025334166E+001
        16         0.120125688132684E+001
        17         0.120182945021140E+001
        18         0.120212674941162E+001
        19         0.120229597514222E+001
        20         0.120240352310901E+001
        21         0.120257546406999E+001
        22         0.120255865884585E+001
        23         0.120257486387323E+001
        24         0.120257193393894E+001
        25         0.120256922774083E+001
        26         0.120256184428809E+001
        27         0.120256190087194E+001
        28         0.120256229986041E+001
 
         1         0.106971580128991E+001
         2         0.109624502231927E+001
         3         0.110499276652917E+001
         4         0.112434084026378E+001
         5         0.116541522479680E+001
         6         0.120072729386345E+001
         7         0.119014207994395E+001
         8         0.115117299230063E+001
         9         0.117821162073369E+001
        10         0.118366742145409E+001
        11         0.117766812538073E+001
        12         0.117554031536515E+001
        13         0.117373416085421E+001
        14         0.117037502668423E+001
        15         0.116601652112626E+001
        16         0.116280118087726E+001
        17         0.116149530647260E+001
        18         0.116060189930553E+001
        19         0.116049795486614E+001
        20         0.116045212449635E+001
        21         0.116044513010147E+001
        22         0.116047143592951E+001
        23         0.116048504077047E+001
        24         0.116050488185279E+001
        25         0.116054583296333E+001
        26         0.116055614454771E+001
        27         0.116055767910533E+001
        28         0.116055758348543E+001
 
         1         0.107242737970561E+001
         2         0.110158102999591E+001
         3         0.111119025648427E+001
         4         0.113331114013421E+001
         5         0.117939224960451E+001
         6         0.120844143388072E+001
         7         0.119426140462995E+001
         8         0.115244195646063E+001
         9         0.117881599110798E+001
        10         0.118931288959724E+001
        11         0.118245596935052E+001
        12         0.118289558605051E+001
        13         0.118197027376734E+001
        14         0.118078942496018E+001
        15         0.117940632100149E+001
        16         0.117816523404968E+001
        17         0.117750081159187E+001
        18         0.117696890160900E+001
        19         0.117684316922586E+001
        20         0.117671234484509E+001
        21         0.117648007005059E+001
        22         0.117646997084112E+001
        23         0.117644750267028E+001
        24         0.117644796982252E+001
        25         0.117645466148184E+001
        26         0.117645934198304E+001
        27         0.117645940409355E+001
        28         0.117645911951891E+001
 
         1         0.107683766797106E+001
         2         0.110946509380899E+001
         3         0.112041029074914E+001
         4         0.114688922937065E+001
         5         0.121646686297088E+001
         6         0.129612043902306E+001
         7         0.130941388098174E+001
         8         0.130365894902264E+001
         9         0.134586172094491E+001
        10         0.132131998587241E+001
        11         0.133720476657856E+001
        12         0.133787274040019E+001
        13         0.134003372637619E+001
        14         0.134399074992552E+001
        15         0.134711193733568E+001
        16         0.135012515495526E+001
        17         0.135155266785502E+001
        18         0.135281970517804E+001
        19         0.135302429420721E+001
        20         0.135326026140988E+001
        21         0.135364277128753E+001
        22         0.135366653570823E+001
        23         0.135370076977736E+001
        24         0.135369545340116E+001
        25         0.135366911637339E+001
        26         0.135366103537733E+001
        27         0.135366066424046E+001
        28         0.135366122603095E+001
 
