         2        -0.200362444791595E+004
         3        -0.200362279179474E+004
         4        -0.200362522455213E+004
         5        -0.200362520067273E+004
         6        -0.200362512108129E+004
         7        -0.200362513539099E+004
         8        -0.200362513756944E+004
         9        -0.200362513623201E+004
        10        -0.200362513799122E+004
        11        -0.200362513457015E+004
        12        -0.200362513292893E+004
        13        -0.200362513257359E+004
        14        -0.200362513280926E+004
