         1         0.100000000000000E+001
         2         0.100000000000000E+001
         3         0.100000000000000E+001
         4         0.100000000000000E+001
         5         0.100000000000000E+001
         6         0.100000000000000E+001
         7         0.100000000000000E+001
         8         0.100000000000000E+001
         9         0.100000000000000E+001
        10         0.100000000000000E+001
        11         0.100000000000000E+001
        12         0.100000000000000E+001
        13         0.100000000000000E+001
        14         0.100000000000000E+001
 
         1         0.100000000000000E+001
         2         0.100000000000000E+001
         3         0.100000000000000E+001
         4         0.100000000000000E+001
         5         0.100000000000000E+001
         6         0.100000000000000E+001
         7         0.100000000000000E+001
         8         0.100000000000000E+001
         9         0.100000000000000E+001
        10         0.100000000000000E+001
        11         0.100000000000000E+001
        12         0.100000000000000E+001
        13         0.100000000000000E+001
        14         0.100000000000000E+001
 
         1         0.115692356586482E+001
         2         0.115921021828137E+001
         3         0.115840042759297E+001
         4         0.115886093473216E+001
         5         0.115886964325587E+001
         6         0.115885063125378E+001
         7         0.115886382946466E+001
         8         0.115890285047011E+001
         9         0.115894584397678E+001
        10         0.115895623990020E+001
        11         0.115895943143575E+001
        12         0.115895963459239E+001
        13         0.115895944906730E+001
        14         0.115895945044149E+001
 
         1         0.112671268185325E+001
         2         0.112842329575932E+001
         3         0.112760591743096E+001
         4         0.112769280367658E+001
         5         0.112767386460451E+001
         6         0.112764707281249E+001
         7         0.112765326366437E+001
         8         0.112766597658058E+001
         9         0.112766934349060E+001
        10         0.112767321993167E+001
        11         0.112767544055516E+001
        12         0.112767531536599E+001
        13         0.112767500885412E+001
        14         0.112767499557373E+001
 
         1         0.120852877953820E+001
         2         0.121171690809528E+001
         3         0.120960678274808E+001
         4         0.121018636803786E+001
         5         0.121054915446399E+001
         6         0.121053571620623E+001
         7         0.121054598251239E+001
         8         0.121059355835305E+001
         9         0.121065175123145E+001
        10         0.121067079193147E+001
        11         0.121068208811821E+001
        12         0.121068277111697E+001
        13         0.121068193620750E+001
        14         0.121068200973821E+001
 
         1         0.115692718955226E+001
         2         0.115629457174419E+001
         3         0.115655075692843E+001
         4         0.115639777106799E+001
         5         0.115632316351038E+001
         6         0.115623433483560E+001
         7         0.115617967058124E+001
         8         0.115603335000945E+001
         9         0.115585191572324E+001
        10         0.115582275937339E+001
        11         0.115581979707186E+001
        12         0.115581998212819E+001
        13         0.115582047124222E+001
        14         0.115582079634331E+001
 
         1         0.120418476061671E+001
         2         0.120369021711106E+001
         3         0.120392084726788E+001
         4         0.120385645575160E+001
         5         0.120383999849662E+001
         6         0.120382950109598E+001
         7         0.120381781128806E+001
         8         0.120378574162957E+001
         9         0.120374770173664E+001
        10         0.120374082341149E+001
        11         0.120373975351291E+001
        12         0.120373970509964E+001
        13         0.120373984192452E+001
        14         0.120373978215618E+001
 
         1         0.138420914435908E+001
         2         0.138131524233775E+001
         3         0.138364386965623E+001
         4         0.138362135834082E+001
         5         0.138337243536107E+001
         6         0.138348991637188E+001
         7         0.138354178799168E+001
         8         0.138366641674748E+001
         9         0.138383701295841E+001
        10         0.138385488706972E+001
        11         0.138385144672414E+001
        12         0.138385040806818E+001
        13         0.138385044399957E+001
        14         0.138385021067459E+001
 
