25.10.2018   N1108
Образец: "22_Ti"
LiF200
Трубка: "40,0/0,100"
        Отр1            Отр2
   [мА]  [Имп/с]   [мА]  [Имп/с]
    795    1141     407     0,0
    800     604     409    33,5
    805     872     411    67,1
    810    1308     414     101
    815    1476     416     134
    820    1610     419     101
    825    1275     421     101
    830     805     424     101
    835     570     426     101
    840     503     429    67,1
    845     671     431    67,1
    850    1040     433    33,5
    855    1141     436    67,1
    860    1174     438    67,1
    865     939     441    67,1
    870     671     443    67,1
    875     503     446    33,5
    880     637     448    33,5
    885     671     451    33,5
    890     772     453    33,5
    895     805     456    67,1
    900     805     458    67,1
    905     738     460    67,1
    910     604     463    67,1
    915     503     465    67,1
    920     503     468    67,1
    925     570     470    67,1
    930     604     473    67,1
    935     637     475     101
    940     637     477     101
    945     637     480     101
    950     570     482     101
    955     470     485     101
    960     436     487     101
    965     470     490     101
    970     503     492     101
    975     705     495     134
    980     738     497     134
    985     671     500     134
    990     604     502     101
    995     604     504     134
   1000     772     507     168
   1005     872     509     201
   1010     906     512     201
   1015    1040     514     201
   1020    1074     517     201
   1025    1141     519     168
   1030    1141     522     168
   1035    1006     524     168
   1040    1006     526     201
   1045     906     529     168
   1050     805     531     201
   1055     772     534     168
   1060     772     536     168
   1065     872     539     201
   1070     906     541     235
   1075     805     544     268
   1080     705     546     302
   1085     772     549     302
   1090     839     551     335
   1095     805     554     369
   1100     805     556     369
   1105     772     558     403
   1110     772     561     403
   1115     738     563     403
   1120     705     566     369
   1125     738     568     335
   1130     738     571     268
   1135     772     573     268
   1140     705     576     235
   1145     772     578     235
   1150     805     581     235
   1155     772     583     235
   1160     671     586     235
   1165     671     588     235
   1170     604     591     235
   1175     637     593     201
   1180     705     596     235
   1185     738     598     168
   1190     705     601     201
   1195     671     603     168
   1200     537     605     201
   1205     470     608     134
   1210     503     611     134
   1215     470     613     134
   1220     503     615     134
   1225     570     618     134
   1230     570     620     101
   1235     436     623     134
   1240     369     625     134
   1245     335     628     101
   1250     369     630     101
   1255     436     633     101
   1260     470     635     101
   1265     302     638     101
   1270     335     640     101
   1275     436     643     101
   1280     369     645     101
   1285     369     648     134
   1290     335     650     101
   1295     369     653     134
   1300     470     655     134
   1305     470     658     101
   1310     403     660    67,1
   1315     302     663     101
   1320     369     665    67,1
   1325     302     668    33,5
   1330     403     670    67,1
   1335     403     673    67,1
   1340     470     675    67,1
   1345     470     678     101
   1350     503     680     101
   1355     403     683     134
   1360     302     685     134
   1365     335     688     134
   1370     470     690     134
   1375     403     692     134
   1380     335     695     134
   1385     268     697     134
   1390     302     700     134
   1395     537     702     101
   1400     570     705     101
   1405     470     707     101
   1410     403     710    67,1
   1415     369     712    67,1
   1420     268     715     101
   1425     335     717     101
   1430     302     720     101
   1435     302     722     134
   1440     335     725     134
   1445     369     727     134
   1450     335     730     101
   1455     235     732     101
   1460     201     735     101
   1465     201     737     101
   1470     335     740     101
   1475     369     742    67,1
   1480     235     745    67,1
   1485     302     747     101
   1490     302     750     101
   1495     235     752     101
   1500     235     755     101
   1505     268     757     101
   1510     235     760    67,1
   1515     168     762    67,1
   1520     134     765    67,1
   1525     302     767    67,1
   1530     470     770    67,1
   1535     705     772    33,5
   1540     973     774    67,1
   1545     805     777    67,1
   1550     503     779     101
   1555     268     782    67,1
   1560     268     784    67,1
   1565     201     787    67,1
   1570     201     789    67,1
   1575     235     792    67,1
   1580     134     794     101
   1585     268     797    67,1
   1590     235     799    33,5
   1595     201     802    33,5
   1600     201     804    33,5
   1605     134     807    67,1
   1610     201     809    67,1
   1615     235     812    67,1
   1620     235     814    67,1
   1625     201     817    67,1
   1630     235     819    33,5
   1635     168     822     101
   1640     134     824     134
   1645     134     827     101
   1650     268     829    67,1
   1655     335     832    67,1
   1660     235     834    33,5
   1665     168     836    33,5
   1670     168     839    33,5
   1675     168     841    67,1
   1680     168     844     101
   1685     201     846    67,1
   1690     134     849    33,5
   1695     101     851    33,5
   1700     168     854    67,1
   1705     201     856    67,1
   1710     101     859    67,1
   1715     101     861    67,1
   1720     134     864    67,1
   1725     168     866    67,1
   1730     168     869    33,5
   1735     168     871    33,5
   1740    67,1     874    33,5
   1745     101     876    67,1
   1750     168     879    67,1
   1755     302     881    67,1
   1760     235     884     101
   1765     235     886     101
   1770     134     889    67,1
   1775     101     891    67,1
   1780     168     894    33,5
   1785     168     896    67,1
   1790    67,1     899    67,1
   1795     134     901    67,1
   1800     134     903    33,5
   1805    33,5     906    33,5
   1810     101     908    33,5
   1815     101     911    33,5
   1820     134     913     0,0
   1825    33,5     916     0,0
   1830     134     918    33,5
   1835     134     921    33,5
   1840     134     923    67,1
   1845    67,1     926    33,5
   1850     134     928    67,1
   1855     168     931    33,5
   1860    33,5     933    33,5
   1865    33,5     936     0,0
   1870     101     938    33,5
   1875    33,5     941    33,5
   1880    67,1     943    33,5
   1885     101     946    33,5
   1890    33,5     948    33,5
   1895    33,5     951    33,5
   1900    67,1     953    33,5
   1905    67,1     956     0,0
   1910    33,5     958    33,5
   1915     101     961    33,5
   1920    67,1     963    33,5
   1925     168     966    33,5
   1930     335     968    33,5
   1935     403     970    67,1
   1940     369     973     101
   1945     302     976    67,1
   1950     101     978    33,5
   1955    33,5     980     0,0
   1960    67,1     983    33,5
   1965    67,1     985    33,5
   1970     101     988    33,5
   1975    67,1     990    33,5
   1980    33,5     993    33,5
   1985    67,1     995    33,5
   1990    67,1     998     0,0
   1995    67,1    1000     0,0
   2000     101    1003     0,0
   2005     101    1005    33,5
   2010     0,0    1008    33,5
   2015    33,5    1010     0,0
   2020    33,5    1013    33,5
   2025    33,5    1015    33,5
   2030    33,5    1018     0,0
   2035    67,1    1020     0,0
   2040     0,0    1023    33,5
   2045    33,5    1025    67,1
   2050    33,5    1028    67,1
   2055    67,1    1030    67,1
   2060    33,5    1033    33,5
   2065    33,5    1035    33,5
   2070     0,0    1038    33,5
   2075    33,5    1040    33,5
   2080    33,5    1043    67,1
   2085     101    1045    33,5
   2090    33,5    1048     0,0
   2095     0,0    1050    33,5
   2100    67,1    1052    67,1
   2105    33,5    1055    33,5
   2110    33,5    1057     0,0
   2115    33,5    1060     0,0
   2120     101    1062    33,5
   2125    67,1    1065    33,5
   2130    33,5    1067     0,0
   2135     0,0    1070     0,0
   2140    67,1    1072     0,0
   2145    67,1    1075     0,0
   2150    33,5    1077     0,0
   2155    67,1    1080     0,0
   2160    33,5    1082     0,0
   2165    67,1    1085    33,5
   2170     0,0    1087    33,5
   2175    67,1    1090    33,5
   2180    33,5    1092    33,5
   2185    33,5    1095    33,5
   2190     0,0    1097    33,5
   2195     134    1100     0,0
   2200     101    1102    33,5
   2205     0,0    1105     0,0
   2210    67,1    1107    33,5
   2215    67,1    1110    67,1
   2220    67,1    1112    67,1
   2225     101    1115    33,5
   2230     0,0    1117     0,0
   2235    33,5    1119     0,0
   2240    33,5    1122    33,5
   2245     0,0    1125    33,5
   2250    67,1    1127     0,0
   2255    33,5    1129     0,0
   2260    33,5    1132    33,5
   2265    33,5    1134     0,0
   2270     0,0    1137    33,5
   2275    33,5    1139    33,5
   2280     0,0    1142    33,5
   2285    67,1    1144    33,5
   2290     0,0    1147    67,1
   2295     168    1149    33,5
   2300    33,5    1152    33,5
   2305    67,1    1154     0,0
   2310     0,0    1157    33,5
   2315    33,5    1159    33,5
   2320    67,1    1162    33,5
   2325    33,5    1164     0,0
   2330    33,5    1167    33,5
   2335    67,1    1169     0,0
   2340     0,0    1172     0,0
   2345     0,0    1174     0,0
   2350    33,5    1177    67,1
   2355    67,1    1179    33,5
   2360    33,5    1182     0,0
   2365     0,0    1184     0,0
   2370    33,5    1187     0,0
   2375    67,1    1189     0,0
   2380    33,5    1192     0,0
   2385     0,0    1194    33,5
   2390    33,5    1197    33,5
   2395     0,0    1199     0,0
   2400     0,0    1202    33,5
   2405    67,1    1204     0,0
   2410     0,0    1207     0,0
   2415    33,5    1209     0,0
   2420     0,0    1212    33,5
   2425    67,1    1214     0,0
   2430     0,0    1216     0,0
   2435    33,5    1219    33,5
   2440     0,0    1221    33,5
   2445    33,5    1224     0,0
   2450    67,1    1226     0,0
   2455     0,0    1229     0,0
   2460     0,0    1231    67,1
   2465    33,5    1234    33,5
   2470    33,5    1236     0,0
   2475     101    1239     0,0
   2480    33,5    1241    33,5
   2485     0,0    1244    33,5
   2490    67,1    1246     0,0
   2495     470    1249    33,5
   2500     403    1251     0,0
   2505    2382    1254     0,0
   2510    6106    1256    33,5
   2515    7548    1259     0,0
   2520    2516    1261     0,0
   2525     939    1264     0,0
   2530     268    1266     0,0
   2535     201    1269     0,0
   2540    67,1    1271     0,0
   2545     235    1274     0,0
   2550     134    1276     0,0
   2555     168    1279    33,5
   2560     201    1281     0,0
   2565     101    1284     0,0
   2570     0,0    1286    33,5
   2575     168    1289     0,0
   2580    33,5    1291     0,0
   2585     134    1294     0,0
   2590     0,0    1296    33,5
   2595    33,5    1299     0,0
   2600     0,0    1301    33,5
   2605     0,0    1304    33,5
   2610    33,5    1306    33,5
   2615    67,1    1309    33,5
   2620     0,0    1311     0,0
   2625    33,5    1314     0,0
   2630     0,0    1316     0,0
   2635    67,1    1319    33,5
   2640    33,5    1321    33,5
   2645    33,5    1324     0,0
   2650    33,5    1326     0,0
   2655    33,5    1328     0,0
   2660    33,5    1331     0,0
   2665    67,1    1333    33,5
   2670     134    1336     0,0
   2675     0,0    1338     0,0
   2680    33,5    1341     0,0
   2685    67,1    1343     0,0
   2690     0,0    1346     0,0
   2695     0,0    1348     0,0
   2700    67,1    1351     0,0
   2705     134    1353     0,0
   2710    67,1    1356     0,0
   2715    67,1    1358    33,5
   2720     134    1361     0,0
   2725     101    1363    33,5
   2730     436    1366    67,1
   2735     570    1368     0,0
   2740    4026    1371    67,1
   2745   15432    1373    33,5
   2750   21672    1376    67,1
   2755    7246    1378    33,5
   2760    1174    1381     0,0
   2765     101    1383    67,1
   2770    33,5    1386    33,5
   2775    67,1    1388     0,0
   2780    67,1    1391    33,5
   2785    67,1    1393     0,0
   2790     0,0    1396     0,0
   2795    67,1    1398     0,0
   2800     101    1401     0,0
   2805    33,5    1403     0,0
   2810    67,1    1406     0,0
   2815    67,1    1408     0,0
   2820    33,5    1411     0,0
   2825    33,5    1413     0,0
   2830     0,0    1416     0,0
   2835     0,0    1418     0,0
   2840     0,0    1420     0,0
   2845    33,5    1423     0,0
   2850    33,5    1425     0,0
   2855    67,1    1428     0,0
   2860     0,0    1430     0,0
   2865     0,0    1433     0,0
   2870    67,1    1435     0,0
   2875     0,0    1438    67,1
   2880     0,0    1440    67,1
   2885     0,0    1443     0,0
   2890     0,0    1445     0,0
   2895     0,0    1448     0,0
   2900    33,5    1450     0,0
   2905     0,0    1453     0,0
   2910     0,0    1455     0,0
   2915     0,0    1458     0,0
   2920     0,0    1460     0,0
   2925     0,0    1463     0,0
   2930     0,0    1465     0,0
   2935     0,0    1468     0,0
   2940     0,0    1470     0,0
   2945     0,0    1473     0,0
   2950     0,0    1475     0,0
   2955     0,0    1478     0,0
   2960     0,0    1480     0,0
   2965     0,0    1483     0,0
   2970     0,0    1485     0,0
   2975     0,0    1488     0,0
   2980     0,0    1490     0,0
   2985     0,0    1493     0,0
   2990     0,0    1495     0,0
   2995     0,0    1498     0,0
   3000     0,0    1500     0,0
   3005     0,0    1503     0,0
   3010     0,0    1505     0,0
   3015     0,0    1508     0,0
   3020     0,0    1510    33,5
   3025     0,0    1513     0,0
   3030     0,0    1515     0,0
   3035     0,0    1518     0,0
   3040     0,0    1520     0,0
   3045     0,0    1523     0,0
   3050     0,0    1525     0,0
   3055     0,0    1528     0,0
   3060     0,0    1530     0,0
   3065     0,0    1533     0,0
   3070     0,0    1535     0,0
   3075     0,0    1538    33,5
   3080     0,0    1540     0,0
   3085     0,0    1543     0,0
   3090     0,0    1545     0,0
   3095     0,0    1548     0,0
   3100     0,0    1550     0,0
   3105     0,0    1553    33,5
   3110     0,0    1555     0,0
   3115     0,0    1558     0,0
   3120     0,0    1560     0,0
   3125     0,0    1562     0,0
   3130     0,0    1565     0,0
   3135     0,0    1568    33,5
   3140     0,0    1570     0,0
   3145     0,0    1573     0,0
   3150     0,0    1575     0,0
   3155     0,0    1577     0,0
   3160     0,0    1580     0,0
   3165     0,0    1583     0,0
   3170    33,5    1585     0,0
   3175     0,0    1587     0,0
   3180     0,0    1590     0,0
   3185     0,0    1592     0,0
   3190     0,0    1595     0,0
   3195     0,0    1597    33,5
   3200     0,0    1600     0,0
   3205     0,0    1602     0,0
   3210     0,0    1605     0,0
   3215     0,0    1607     0,0
