25.10.2018   N1108
Образец: "C:\Documents and Settings\student\Рабочий стол\PhysLab5\25_Mn"
LiF200
Трубка: "40.0/0.100"
        Отр1            Отр2
   [мА]  [Имп/с]   [мА]  [Имп/с]
    795    1244     407    67.2
    800     941     409    67.2
    805    1277     411    33.6
    810    1513     414    33.6
    815    1479     416    33.6
    820    1378     419    67.2
    825    1042     421    33.6
    830     739     424    67.2
    835     672     426    67.2
    840     807     429    67.2
    845     840     431    67.2
    850     739     433    67.2
    855     605     436    67.2
    860     571     438    67.2
    865     605     441    67.2
    870     706     443    33.6
    875     639     446    67.2
    880     639     448    67.2
    885     571     451    67.2
    890     639     453    67.2
    895     672     456    67.2
    900     672     458    67.2
    905     706     460    67.2
    910     739     463    67.2
    915     739     465    33.6
    920     706     468    33.6
    925     605     470    33.6
    930     571     473    67.2
    935     504     475    67.2
    940     571     477    67.2
    945     706     480    67.2
    950     706     482    67.2
    955     605     485    67.2
    960     639     487     101
    965     739     490     134
    970    1076     492     168
    975    1277     495     202
    980    1311     497     269
    985    1176     500     303
    990    1244     502     303
    995    1143     504     303
   1000    1143     507     269
   1005    1076     509     235
   1010    1008     512     202
   1015    1008     514     202
   1020     941     517     168
   1025     975     519     168
   1030    1008     522     168
   1035    1042     524     134
   1040    1008     526     134
   1045     975     529     134
   1050    1042     531     168
   1055    1042     534     202
   1060     975     536     202
   1065     941     539     235
   1070     840     541     235
   1075     874     544     269
   1080     941     546     235
   1085     908     549     269
   1090     941     551     269
   1095     840     554     336
   1100     773     556     303
   1105     739     558     336
   1110     739     561     336
   1115     908     563     336
   1120     874     566     336
   1125     706     568     303
   1130     639     571     336
   1135     706     573     303
   1140     739     576     303
   1145     639     578     303
   1150     706     581     269
   1155     571     583     269
   1160     504     586     269
   1165     605     588     269
   1170     706     591     303
   1175     739     593     303
   1180     672     596     303
   1185     605     598     269
   1190     471     601     269
   1195     605     603     235
   1200     706     605     202
   1205     773     608     235
   1210     605     611     235
   1215     571     613     235
   1220     538     615     235
   1225     504     618     235
   1230     471     620     202
   1235     403     623     202
   1240     471     625     168
   1245     471     628     168
   1250     370     630     134
   1255     269     633     101
   1260     403     635     134
   1265     437     638     101
   1270     437     640     101
   1275     403     643     101
   1280     403     645     134
   1285     336     648     134
   1290     471     650     168
   1295     437     653     168
   1300     370     655     168
   1305     403     658     101
   1310     471     660     101
   1315     370     663     101
   1320     403     665     134
   1325     437     668     134
   1330     370     670     168
   1335     269     673     134
   1340     269     675     134
   1345     303     678     101
   1350     336     680     101
   1355     235     683     101
   1360     269     685     101
   1365     235     688     101
   1370     269     690     101
   1375     303     692     101
   1380     370     695     101
   1385     370     697     101
   1390     403     700     101
   1395     471     702     101
   1400     504     705     101
   1405     370     707     101
   1410     303     710     101
   1415     269     712     101
   1420     269     715     101
   1425     303     717     101
   1430     269     720    67.2
   1435     437     722    67.2
   1440     370     725    67.2
   1445     269     727    67.2
   1450     303     730     101
   1455     269     732     101
   1460     168     735     101
   1465     134     737     134
   1470     168     740     168
   1475     235     742     134
   1480     269     745     134
   1485     235     747    67.2
   1490     235     750    67.2
   1495     235     752     101
   1500     168     755     101
   1505     134     757     101
   1510     202     760     101
   1515     235     762     101
   1520     269     765     134
   1525     168     767     101
   1530     403     770     134
   1535     672     772     101
   1540     538     774     101
   1545     571     777     134
   1550     471     779     101
   1555     269     782     134
   1560     235     784    67.2
   1565     134     787    33.6
   1570     168     789    67.2
   1575     269     792    67.2
   1580     202     794     101
   1585     168     797     134
   1590     235     799     101
   1595     101     802    67.2
   1600     202     804    33.6
   1605     202     807    67.2
   1610     101     809     101
   1615     101     812     101
   1620     101     814    67.2
   1625     134     817    67.2
   1630     168     819    67.2
   1635     134     822    67.2
   1640     168     824    67.2
   1645     134     827     101
   1650    67.2     829     134
   1655     101     832     134
   1660     101     834     101
   1665     168     836    67.2
   1670     168     839    33.6
   1675     134     841    67.2
   1680     134     844    67.2
   1685     134     846    33.6
   1690     101     849    33.6
   1695     101     851    67.2
   1700    67.2     854    67.2
   1705    33.6     856     101
   1710     101     859    67.2
   1715     202     861     101
   1720     134     864    67.2
   1725     101     866    67.2
   1730     101     869    67.2
   1735     101     871    67.2
   1740    67.2     874    33.6
   1745     101     876    67.2
   1750     134     879     101
   1755     202     881    33.6
   1760     202     884    33.6
   1765     101     886    67.2
   1770    67.2     889    67.2
   1775    67.2     891    33.6
   1780     101     894    67.2
   1785     101     896    67.2
   1790     101     899    67.2
   1795    67.2     901    33.6
   1800    67.2     903    33.6
   1805     101     906     0.0
   1810     134     908    33.6
   1815     134     911    67.2
   1820    67.2     913    67.2
   1825     101     916    67.2
   1830     101     918     101
   1835     101     921    67.2
   1840     101     923    67.2
   1845    33.6     926    67.2
   1850     101     928    67.2
   1855    67.2     931    33.6
   1860     0.0     933    33.6
   1865    33.6     936    33.6
   1870    67.2     938    67.2
   1875     134     941    67.2
   1880     168     943    67.2
   1885     303     946    33.6
   1890     673     948    36.0
   1891     846     949    36.0
   1892    1005     949    41.0
   1893    1104     950    43.0
   1894    1272     950    49.0
   1895    1477     951    42.0
   1896    1875     951    30.0
   1897    2300     952    36.0
   1898    2936     952    40.0
   1899    4046     953    48.0
   1900    5188     953    53.0
   1901    6571     954    58.0
   1902    8193     954    64.0
   1903    9304     955    47.0
   1904   10964     955    69.0
   1905   12322     956    85.0
   1906   13750     956    94.0
   1907   15116     957     106
   1908   15963     957     116
   1909   16768     958    91.0
   1910   17059     958     103
   1911   17146     959     110
   1912   16925     959     103
   1913   16662     960     104
   1914   15780     960     109
   1915   14663     961    97.0
   1916   13529     961    69.0
   1917   11719     962    79.0
   1918   10360     962    82.0
   1919    8531     963    49.0
   1920    6825     963    57.0
   1921    5322     964    47.0
   1922    4044     964    40.0
   1923    3108     965    47.0
   1924    2437     965    32.0
   1925    1956     966    45.0
   1926    1483     966    24.0
   1927    1201     967    38.0
   1928    1034     967    40.0
   1929     930     968    19.0
   1930     859     968    33.0
   1935     571     970     0.0
   1940     605     973    67.2
   1945     538     976    33.6
   1950     504     978     0.0
   1955     437     980    33.6
   1960     202     983    33.6
   1965     303     985    33.6
   1970     168     988    67.2
   1975     101     990    33.6
   1980     168     993     0.0
   1985     101     995     0.0
   1990     269     998    33.6
   1995     168    1000    67.2
   2000     168    1003    33.6
   2005     202    1005    67.2
   2010     134    1008    67.2
   2015    67.2    1010    33.6
   2020     202    1013    67.2
   2025     168    1015    67.2
   2030     134    1018    33.6
   2035    33.6    1020    33.6
   2040     134    1023    33.6
   2045     101    1025    33.6
   2050     168    1028    33.6
   2055    67.2    1030    33.6
   2060     134    1033     0.0
   2065     235    1035     0.0
   2070     202    1038    33.6
   2075     303    1040    67.2
   2080     390    1043    29.0
   2081     451    1043    26.0
   2082     572    1043    29.0
   2083     679    1044    26.0
   2084     747    1044    39.0
   2085     881    1045    30.0
   2086    1149    1046    22.0
   2087    1342    1046    31.0
   2088    1913    1047    24.0
   2089    2983    1047    24.0
   2090    4849    1048    44.0
   2091    7618    1048    45.0
   2092   11697    1049    64.0
   2093   16864    1049     104
   2094   22430    1050     181
   2095   29273    1050     239
   2096   36174    1051     409
   2097   42264    1051     466
   2098   49245    1051     634
   2099   55297    1052     790
   2100   60388    1052     967
   2101   64933    1053    1094
   2102   67808    1053    1185
   2103   68981    1054    1137
   2104   68408    1054    1202
   2105   66752    1055    1214
   2106   64538    1055    1059
   2107   59263    1056     914
   2108   52361    1056     757
   2109   45047    1057     515
   2110   37483    1057     375
   2111   29598    1058     252
   2112   24311    1058     161
   2113   18308    1059     108
   2114   13111    1059    67.0
   2115    9188    1060    53.0
   2116    6342    1060    40.0
   2117    4230    1061    36.0
   2118    2901    1061    27.0
   2119    1888    1062    27.0
   2120    1383    1062    27.0
   2121    1005    1063    31.0
   2122     752    1063    24.0
   2123     586    1064    29.0
   2124     538    1064    36.0
   2125     454    1065    31.0
   2126     419    1065    28.0
   2127     383    1066    26.0
   2128     383    1066    31.0
   2129     368    1067    29.0
   2130     372    1067    26.0
   2135     269    1070     0.0
   2140     168    1072     0.0
   2145     168    1075    33.6
   2150     101    1077    67.2
   2155    33.6    1080    33.6
   2160    33.6    1082    33.6
   2165     101    1085    33.6
   2170     101    1087    33.6
   2175    67.2    1090     0.0
   2180     101    1092    67.2
   2185    33.6    1095     101
   2190    33.6    1097    33.6
   2195    33.6    1100    33.6
   2200    67.2    1102     0.0
   2205    33.6    1105    33.6
   2210    67.2    1107    33.6
   2215    33.6    1110     0.0
   2220    33.6    1112     0.0
   2225     0.0    1115    33.6
   2230     0.0    1117     0.0
   2235     101    1119    33.6
   2240     0.0    1122     0.0
   2245    33.6    1125     0.0
   2250     0.0    1127     0.0
   2255     0.0    1129    33.6
   2260     101    1132     0.0
   2265     0.0    1134     0.0
   2270    33.6    1137    33.6
   2275    33.6    1139     0.0
   2280    33.6    1142    33.6
   2285    33.6    1144    33.6
   2290     0.0    1147     0.0
   2295     0.0    1149     0.0
   2300     0.0    1152    33.6
   2305    33.6    1154    33.6
   2310    33.6    1157     0.0
   2315    33.6    1159    67.2
   2320     0.0    1162    33.6
   2325     0.0    1164     0.0
   2330    33.6    1167    33.6
   2335    33.6    1169     0.0
   2340     0.0    1172     0.0
   2345     101    1174    33.6
   2350     0.0    1177    33.6
   2355    33.6    1179     0.0
   2360    33.6    1182     0.0
   2365    67.2    1184     0.0
   2370     0.0    1187     0.0
   2375    33.6    1189    33.6
   2380     0.0    1192     0.0
   2385    33.6    1194    33.6
   2390     0.0    1197    33.6
   2395    33.6    1199     0.0
   2400     0.0    1202    33.6
   2405     0.0    1204     0.0
   2410    33.6    1207     0.0
   2415     0.0    1209     0.0
   2420     0.0    1212    33.6
   2425    67.2    1214     0.0
   2430    33.6    1216     0.0
   2435     0.0    1219     0.0
   2440     0.0    1221     0.0
   2445    33.6    1224     0.0
   2450     0.0    1226     0.0
   2455     0.0    1229     0.0
   2460     0.0    1231     0.0
   2465     0.0    1234     0.0
   2470    33.6    1236     0.0
   2475    33.6    1239    33.6
   2480     0.0    1241     0.0
   2485    33.6    1244    33.6
   2490    33.6    1246     0.0
   2495     0.0    1249     0.0
   2500     0.0    1251     0.0
   2505     0.0    1254     0.0
   2510     0.0    1256     0.0
   2515     101    1259     0.0
   2520     0.0    1261     0.0
   2525     0.0    1264     0.0
   2530     0.0    1266    33.6
   2535    33.6    1269     0.0
   2540    33.6    1271    33.6
   2545     0.0    1274     0.0
   2550     0.0    1276    33.6
   2555     0.0    1279     0.0
   2560    67.2    1281     0.0
   2565     0.0    1284     0.0
   2570     0.0    1286     0.0
   2575     0.0    1289     0.0
   2580     0.0    1291    33.6
   2585     101    1294     0.0
   2590     0.0    1296     0.0
   2595     0.0    1299     0.0
   2600     0.0    1301     0.0
   2605     0.0    1304    33.6
   2610     0.0    1306     0.0
   2615     0.0    1309     0.0
   2620     0.0    1311    67.2
   2625     0.0    1314    33.6
   2630    67.2    1316     0.0
   2635     0.0    1319     0.0
   2640     0.0    1321     0.0
   2645    33.6    1324     0.0
   2650     0.0    1326     0.0
   2655    33.6    1328     0.0
   2660     0.0    1331     0.0
   2665    67.2    1333     0.0
   2670    67.2    1336     0.0
   2675    33.6    1338    67.2
   2680     0.0    1341    33.6
   2685     0.0    1343     0.0
   2690    33.6    1346     0.0
   2695     0.0    1348     0.0
   2700    33.6    1351    67.2
   2705     0.0    1353     0.0
   2710     0.0    1356     0.0
   2715     0.0    1358     0.0
   2720     0.0    1361     0.0
   2725     0.0    1363     0.0
   2730     0.0    1366     0.0
   2735    33.6    1368     0.0
   2740     0.0    1371     0.0
   2745     0.0    1373     0.0
   2750     0.0    1376    33.6
   2755     0.0    1378     0.0
   2760     0.0    1381     0.0
   2765    33.6    1383    33.6
   2770    33.6    1386     0.0
   2775     0.0    1388     0.0
   2780    33.6    1391    33.6
   2785     0.0    1393     0.0
   2790    33.6    1396     0.0
   2795     0.0    1398     0.0
   2800     0.0    1401     0.0
   2805    33.6    1403    33.6
   2810     0.0    1406     0.0
   2815     0.0    1408     0.0
   2820     0.0    1411     0.0
   2825     0.0    1413     0.0
   2830     0.0    1416     0.0
   2835    33.6    1418     0.0
   2840     0.0    1420     0.0
   2845     0.0    1423     0.0
   2850     0.0    1425     0.0
   2855     0.0    1428     0.0
   2860     0.0    1430     0.0
   2865     0.0    1433     0.0
   2870     0.0    1435     0.0
   2875     0.0    1438     0.0
   2880     0.0    1440     0.0
   2885     0.0    1443     0.0
   2890     0.0    1445    33.6
   2895     0.0    1448     0.0
   2900     0.0    1450     0.0
   2905     0.0    1453    33.6
   2910     0.0    1455     0.0
   2915     0.0    1458    33.6
   2920    33.6    1460     0.0
   2925     0.0    1463     0.0
   2930     0.0    1465     0.0
   2935     0.0    1468     0.0
   2940     0.0    1470     0.0
   2945     0.0    1473     0.0
   2950     0.0    1475     0.0
   2955    33.6    1478     0.0
   2960     0.0    1480     0.0
   2965     0.0    1483     0.0
   2970     0.0    1485    33.6
   2975     0.0    1488     0.0
   2980     0.0    1490     0.0
   2985     0.0    1493    33.6
   2990     0.0    1495     0.0
   2995     0.0    1498     0.0
   3000     0.0    1500     0.0
   3005     0.0    1503     0.0
   3010    33.6    1505     0.0
   3015     0.0    1508    67.2
   3020     0.0    1510     0.0
   3025     0.0    1513     0.0
   3030     0.0    1515     0.0
   3035     0.0    1518     0.0
   3040     0.0    1520     0.0
   3045     0.0    1523     0.0
   3050     0.0    1525     0.0
   3055     0.0    1528     0.0
   3060     0.0    1530     0.0
   3065     0.0    1533     0.0
   3070     0.0    1535     0.0
   3075     0.0    1538    67.2
   3080     0.0    1540    33.6
   3085     0.0    1543     0.0
   3090     0.0    1545     0.0
   3095     0.0    1548    33.6
   3100     0.0    1550     0.0
   3105     0.0    1553     0.0
   3110     0.0    1555     0.0
   3115     0.0    1558     0.0
   3120     0.0    1560     0.0
   3125     0.0    1562     0.0
   3130     0.0    1565     0.0
   3135     0.0    1568    33.6
   3140     0.0    1570    33.6
   3145     0.0    1573     0.0
   3150     0.0    1575     0.0
   3155     0.0    1577     0.0
   3160     0.0    1580     0.0
   3165     0.0    1583     0.0
   3170     0.0    1585     0.0
   3175     0.0    1587     0.0
   3180     0.0    1590     0.0
   3185     0.0    1592     0.0
   3190     0.0    1595     0.0
   3195     0.0    1597    33.6
   3200     0.0    1600    33.6
   3205     0.0    1602     0.0
   3210     0.0    1605     0.0
   3215     0.0    1607     0.0
