25.10.2018   N1108
Образец: "28_Ni"
LiF200
Трубка: "40,0/0,100"
        Отр1            Отр2
   [мА]  [Имп/с]   [мА]  [Имп/с]
    795    1345     407     0,0
    800     874     409    33,6
    805     841     411    33,6
    810     841     414    33,6
    815     807     416    33,6
    820     807     419    33,6
    825     807     421    33,6
    830     673     424    33,6
    835     673     426    33,6
    840     807     429    33,6
    845     774     431    33,6
    850     673     433    33,6
    855     538     436    33,6
    860     504     438    33,6
    865     572     441    33,6
    870     706     443    33,6
    875     807     446    33,6
    880     774     448     0,0
    885     605     451    33,6
    890     504     453    33,6
    895     504     456     0,0
    900     538     458     0,0
    905     740     460     0,0
    910     740     463     0,0
    915     807     465    33,6
    920     807     468    33,6
    925     740     470    33,6
    930     706     473    33,6
    935     572     475    33,6
    940     639     477    67,3
    945     774     480    33,6
    950     908     482    33,6
    955    1043     485    67,3
    960    1110     487     101
    965    1345     490     135
    970    1648     492     202
    975    1816     495     202
    980    1951     497     202
    985    1816     500     202
    990    1816     502     202
    995    1816     504     168
   1000    1749     507     168
   1005    1850     509     168
   1010    1883     512     135
   1015    1850     514     135
   1020    1749     517     101
   1025    1614     519    67,3
   1030    1614     522    67,3
   1035    1715     524    67,3
   1040    1783     526    67,3
   1045    1850     529    67,3
   1050    1850     531    67,3
   1055    1816     534    67,3
   1060    1682     536     101
   1065    1648     539     101
   1070    1513     541     101
   1075    1480     544     101
   1080    1648     546     101
   1085    1682     549     101
   1090    1850     551     101
   1095    1816     554     135
   1100    1715     556     168
   1105    1682     558     168
   1110    1547     561     202
   1115    1513     563     168
   1120    1614     566     168
   1125    1682     568     168
   1130    1682     571     168
   1135    1547     573     135
   1140    1513     576     101
   1145    1379     578     101
   1150    1446     581     101
   1155    1513     583    67,3
   1160    1480     586     101
   1165    1413     588     101
   1170    1312     591     101
   1175    1446     593     101
   1180    1446     596     101
   1185    1614     598    67,3
   1190    1480     601    67,3
   1195    1379     603    67,3
   1200    1278     605     101
   1205    1312     608     101
   1210    1278     611     101
   1215    1144     613     101
   1220    1177     615    67,3
   1225    1244     618    67,3
   1230    1379     620    33,6
   1235    1345     623    33,6
   1240    1413     625    33,6
   1245    1244     628    33,6
   1250    1110     630    67,3
   1255    1009     633    33,6
   1260    1110     635    33,6
   1265    1244     638    33,6
   1270    1211     640    33,6
   1275    1110     643    67,3
   1280    1144     645    67,3
   1285    1144     648    67,3
   1290     975     650    67,3
   1295    1144     653    33,6
   1300    1312     655    33,6
   1305     975     658    67,3
   1310     975     660    67,3
   1315    1177     663    67,3
   1320    1177     665    67,3
   1325    1076     668    67,3
   1330    1076     670    67,3
   1335    1009     673    67,3
   1340    1009     675    67,3
   1345    1009     678    67,3
   1350     908     680    67,3
   1355     908     683    67,3
   1360    1043     685    67,3
   1365     975     688    67,3
   1370     942     690    67,3
   1375    1009     692    67,3
   1380     874     695    33,6
   1385     774     697    33,6
   1390     841     700    33,6
   1395     908     702    33,6
   1400     874     705    33,6
   1405     740     707    33,6
   1410     807     710    33,6
   1415     874     712    33,6
   1420     673     715    33,6
   1425     740     717    33,6
   1430    1009     720     0,0
   1435     975     722    33,6
   1440     908     725    33,6
   1445     874     727    33,6
   1450     841     730    33,6
   1455     807     732    33,6
   1460     975     735    67,3
   1465     942     737     101
   1470    1312     740    67,3
   1475    2455     742     0,0
   1480    7937     745    67,3
   1485   30034     747     504
   1490   69787     750    1682
   1495  102949     752    2825
   1500  113039     755    2993
   1505   90303     757    2152
   1510   52500     760     774
   1515   17892     762     101
   1520    7466     765     0,0
   1525    4473     767    33,6
   1530    4170     770    33,6
   1535    4406     772     0,0
   1540    4641     774     0,0
   1545    4070     777    33,6
   1550    3027     779    33,6
   1555    2287     782    67,3
   1560    1682     784    33,6
   1565    1513     787     0,0
   1570    1783     789    33,6
   1575    1883     792    33,6
   1580    1547     794    33,6
   1585    1614     797     0,0
   1590    1547     799    33,6
   1595    1648     802    33,6
   1600    1682     804    67,3
   1605    1581     807    67,3
   1610    2287     809    33,6
   1615    2253     812    33,6
   1620    1984     814     0,0
   1625    2354     817     0,0
   1630    3262     819     0,0
   1635    3969     822     0,0
   1640   30706     824     404
   1645  143409     827    8744
   1650  309452     829   23913
   1655  408365     832   34070
   1660  407390     834   32085
   1665  309789     836   18834
   1670  138835     839    7366
   1675   35112     841     0,0
   1680    6087     844     0,0
   1685    3868     846     0,0
   1690    2758     849     0,0
   1695    2623     851     0,0
   1700    2253     854    33,6
   1705    1816     856    33,6
   1710    1513     859     0,0
   1715    1312     861    33,6
   1720    1547     864    33,6
   1725    1614     866    33,6
   1730    1345     869    33,6
   1735    1076     871    33,6
   1740    1009     874    67,3
   1745    1076     876    67,3
   1750    1345     879    33,6
   1755    1177     881    33,6
   1760    1009     884    33,6
   1765    1009     886    33,6
   1770     874     889     0,0
   1775    1009     891     0,0
   1780     841     894     0,0
   1785     874     896    33,6
   1790     874     899     0,0
   1795     807     901    33,6
   1800     504     903     0,0
   1805     538     906     0,0
   1810     673     908     0,0
   1815     504     911    67,3
   1820     437     913    33,6
   1825     538     916     0,0
   1830     538     918     0,0
   1835     538     921    33,6
   1840     807     923    33,6
   1845     706     926     0,0
   1850     538     928     0,0
   1855     471     931     0,0
   1860     504     933    33,6
   1865     807     936    33,6
   1870     841     938    33,6
   1875     572     941     0,0
   1880     673     943     0,0
   1885     740     946    33,6
   1890     706     948     0,0
   1895     740     951    33,6
   1900     774     953     0,0
   1905     706     956     0,0
   1910     706     958    33,6
   1915     639     961    33,6
   1920     605     963    33,6
   1925     874     966    33,6
   1930    1144     968     0,0
   1935    1413     970     0,0
   1940    1076     973     0,0
   1945     706     976     0,0
   1950     336     978     0,0
   1955     572     980     0,0
   1960     471     983    33,6
   1965     504     985    33,6
   1970     740     988    33,6
   1975     538     990    33,6
   1980     673     993    33,6
   1985     572     995     0,0
   1990     572     998     0,0
   1995     370    1000     0,0
   2000     370    1003    33,6
   2005     437    1005     0,0
   2010     370    1008     0,0
   2015     572    1010     0,0
   2020     437    1013     0,0
   2025     303    1015     0,0
   2030     336    1018     0,0
   2035     538    1020     0,0
   2040     538    1023    33,6
   2045     404    1025    33,6
   2050     404    1028    67,3
   2055     437    1030    67,3
   2060     303    1033    33,6
   2065     303    1035    33,6
   2070     336    1038    33,6
   2075     303    1040    33,6
   2080     437    1043    33,6
   2085     370    1045     0,0
   2090     504    1048     0,0
   2095     471    1050     0,0
   2100     572    1052     0,0
   2105     404    1055    67,3
   2110     404    1057    33,6
   2115     404    1060    67,3
   2120     538    1062    33,6
   2125     336    1065    33,6
   2130     404    1067     0,0
   2135     336    1070    33,6
   2140     235    1072     0,0
   2145     370    1075     0,0
   2150     404    1077     0,0
   2155     303    1080     0,0
   2160     303    1082     0,0
   2165     404    1085     0,0
   2170     269    1087     0,0
   2175     404    1090    33,6
   2180     404    1092    33,6
   2185     437    1095     0,0
   2190     303    1097     0,0
   2195     235    1100    33,6
   2200     336    1102    33,6
   2205     269    1105    33,6
   2210     269    1107     0,0
   2215     235    1110    33,6
   2220     168    1112     0,0
   2225     336    1115    33,6
   2230     437    1117    67,3
   2235     303    1119    33,6
   2240     370    1122    33,6
   2245     471    1125     0,0
   2250     202    1127     0,0
   2255     303    1129     0,0
   2260     303    1132     0,0
   2265     135    1134     0,0
   2270     404    1137     0,0
   2275     336    1139    33,6
   2280     404    1142    33,6
   2285     235    1144     0,0
   2290     168    1147    33,6
   2295     370    1149     0,0
   2300     202    1152    33,6
   2305     370    1154     101
   2310     303    1157    33,6
   2315     336    1159     0,0
   2320     269    1162    33,6
   2325     336    1164    33,6
   2330     235    1167    33,6
   2335     168    1169    33,6
   2340     101    1172     0,0
   2345     303    1174     0,0
   2350     269    1177    33,6
   2355     303    1179    33,6
   2360     235    1182     0,0
   2365     135    1184     0,0
   2370     303    1187    33,6
   2375     303    1189    33,6
   2380     202    1192     0,0
   2385     168    1194    33,6
   2390     303    1197    67,3
   2395     101    1199    33,6
   2400     168    1202    33,6
   2405     202    1204    33,6
   2410     336    1207     0,0
   2415     101    1209    33,6
   2420    67,3    1212     0,0
   2425     572    1214     135
   2430     269    1216     0,0
   2435     235    1219    67,3
   2440     235    1221     0,0
   2445     101    1224     0,0
   2450     202    1226    33,6
   2455     269    1229     0,0
   2460     135    1231     0,0
   2465     168    1234     0,0
   2470     135    1236    33,6
   2475     202    1239     0,0
   2480     168    1241     101
   2485     269    1244     0,0
   2490     101    1246    67,3
   2495     303    1249    33,6
   2500     168    1251     0,0
   2505     135    1254    67,3
   2510     235    1256     0,0
   2515     168    1259    33,6
   2520     101    1261     0,0
   2525     235    1264     101
   2530     101    1266     0,0
   2535     269    1269     101
   2540     202    1271     0,0
   2545    67,3    1274    33,6
   2550     135    1276    67,3
   2555     101    1279    33,6
   2560     202    1281     0,0
   2565     135    1284     101
   2570     202    1286    33,6
   2575     235    1289    33,6
   2580    67,3    1291     0,0
   2585     202    1294     0,0
   2590     202    1296    67,3
   2595    67,3    1299    33,6
   2600     168    1301    67,3
   2605     202    1304    33,6
   2610     101    1306    67,3
   2615    67,3    1309     0,0
   2620     168    1311     0,0
   2625     235    1314    67,3
   2630     168    1316    33,6
   2635     404    1319     101
   2640    67,3    1321    67,3
   2645    67,3    1324     0,0
   2650    67,3    1326     0,0
   2655     101    1328    33,6
   2660     168    1331    33,6
   2665     235    1333     101
   2670    67,3    1336     0,0
   2675    67,3    1338     101
   2680     168    1341    33,6
   2685     101    1343    67,3
   2690     168    1346     0,0
   2695     135    1348     101
   2700     135    1351     0,0
   2705    67,3    1353    67,3
   2710     135    1356    67,3
   2715     168    1358     101
   2720    33,6    1361    67,3
   2725     101    1363    33,6
   2730     101    1366    33,6
   2735    67,3    1368    33,6
   2740     101    1371     101
   2745    67,3    1373    33,6
   2750     168    1376    33,6
   2755    67,3    1378    67,3
   2760     168    1381     0,0
   2765     0,0    1383    67,3
   2770     135    1386    67,3
   2775     101    1388    67,3
   2780     101    1391     0,0
   2785    67,3    1393    33,6
   2790     0,0    1396     0,0
   2795     101    1398    33,6
   2800    67,3    1401    67,3
   2805    67,3    1403    67,3
   2810     101    1406    67,3
   2815    67,3    1408    67,3
   2820     101    1411     101
   2825    67,3    1413     101
   2830     0,0    1416    67,3
   2835    33,6    1418    67,3
   2840     168    1420     101
   2845    33,6    1423    67,3
   2850    67,3    1425     168
   2855     0,0    1428     135
   2860    67,3    1430    33,6
   2865    33,6    1433    67,3
   2870    67,3    1435     101
   2875    67,3    1438    33,6
   2880    67,3    1440     0,0
   2885     101    1443     135
   2890     0,0    1445     0,0
   2895    67,3    1448     135
   2900     101    1450     101
   2905    33,6    1453     135
   2910    67,3    1455    67,3
   2915     135    1458     135
   2920    67,3    1460    67,3
   2925     168    1463     135
   2930    33,6    1465    67,3
   2935    33,6    1468    33,6
   2940    67,3    1470    33,6
   2945     101    1473    67,3
   2950    67,3    1475    33,6
   2955    33,6    1478    33,6
   2960    67,3    1480    67,3
   2965     0,0    1483    67,3
   2970    67,3    1485     202
   2975     0,0    1488     202
   2980    33,6    1490     235
   2985    33,6    1493     370
   2990     0,0    1495    1144
   2995     303    1498    6155
   3000     572    1500    6928
   3005     135    1503    2287
   3010     101    1505     605
   3015    67,3    1508     471
   3020    33,6    1510     202
   3025     0,0    1513     202
   3030     0,0    1515     202
   3035     0,0    1518     235
   3040     0,0    1520    67,3
   3045    67,3    1523     135
   3050     0,0    1525     135
   3055     0,0    1528     135
   3060    67,3    1530     101
   3065    67,3    1533     0,0
   3070    33,6    1535    33,6
   3075     0,0    1538     135
   3080     0,0    1540     135
   3085     0,0    1543    67,3
   3090    67,3    1545    33,6
   3095    67,3    1548     135
   3100     0,0    1550    33,6
   3105     0,0    1553     135
   3110     0,0    1555     0,0
   3115    33,6    1558    67,3
   3120     0,0    1560     101
   3125     0,0    1562    33,6
   3130     0,0    1565     135
   3135     0,0    1568     135
   3140    67,3    1570     135
   3145     0,0    1573     135
   3150     0,0    1575     0,0
   3155    67,3    1577     135
   3160    33,6    1580    67,3
   3165     0,0    1583    67,3
   3170     0,0    1585     235
   3175     0,0    1587    67,3
   3180     0,0    1590    67,3
   3185    33,6    1592    33,6
   3190     0,0    1595    33,6
   3195    33,6    1597     101
   3200    33,6    1600     168
   3205    67,3    1602     0,0
   3210     0,0    1605    33,6
   3215     0,0    1607     168
