25.10.2018   N1108
Образец: "Chinese_Precise"
LiF200
Трубка: "40,0/0,100"
        Отр1            Отр2
   [мА]  [Имп/с]   [мА]  [Имп/с]
    795    2958     407     202
    800    3227     409     202
    805    3159     411     168
    810    3025     414     168
    815    2891     416     134
    820    2756     419     134
    825    2756     421     134
    830    2823     424     168
    835    2991     426     168
    840    2823     429     202
    845    2823     431     202
    850    2958     433     235
    855    2924     436     235
    860    2723     438     202
    865    2454     441     168
    870    1882     443     134
    875    1244     446     101
    880     773     448    67,2
    885     504     451    67,2
    890     538     453    67,2
    895     706     456    67,2
    900     874     458    33,6
    904    2226     460     234
    906    2301     461     238
    908    2157     462     217
    910    2199     463     230
    912    2285     464     234
    914    2205     465     220
    916    2194     466     241
    919    2116     467     280
    921    2095     468     276
    923    2142     469     273
    925    2155     470     289
    927    2183     471     279
    929    2200     472     286
    931    2139     473     283
    933    2018     474     289
    935    2069     475     291
    937    1992     476     287
    939    2040     477     318
    941    2116     478     312
    943    2097     479     334
    945    1967     480     331
    947    1988     481     329
    949    2080     482     348
    951    1986     483     374
    953    1979     484     363
    955    2033     485     357
    957    2047     486     357
    959    1944     487     375
    962    1908     488     368
    964    1903     489     372
    966    1929     490     382
    968    1961     491     375
    970    1875     492     367
    972    1899     493     332
    974    1825     494     411
    976    1900     495     388
    978    1867     496     385
    980    1801     497     356
    982    1939     498     369
    984    1909     499     378
    986    1884     500     385
    988    1837     501     390
    990    1737     502     400
    992    1783     503     408
    994    1820     504     363
    996    1791     505     384
    998    1737     506     353
   1000    1723     507     352
   1002    1696     508     312
   1004    1738     509     338
   1006    1702     510     327
   1008    1753     511     326
   1010    1620     512     329
   1012    1597     513     291
   1014    1587     514     296
   1017    1674     515     313
   1019    1648     516     313
   1021    1629     517     294
   1023    1623     518     284
   1025    1579     519     285
   1027    1562     520     305
   1029    1564     521     327
   1031    1539     522     326
   1033    1494     523     322
   1035    1590     524     292
   1037    1562     525     308
   1039    1458     526     310
   1041    1463     527     282
   1043    1493     528     337
   1045    1426     529     323
   1047    1498     530     338
   1049    1415     531     308
   1051    1476     532     331
   1053    1423     533     328
   1055    1444     534     325
   1057    1339     535     346
   1059    1386     536     363
   1062    1438     537     343
   1064    1414     538     322
   1066    1392     539     363
   1067    1406     540     340
   1069    1359     541     362
   1072    1285     542     327
   1074    1354     543     323
   1076    1350     544     359
   1078    1314     545     374
   1080    1267     546     366
   1082    1322     547     376
   1084    1299     548     383
   1086    1297     549     356
   1088    1290     550     387
   1090    1286     551     350
   1092    1284     552     355
   1094    1251     553     395
   1096    1264     554     362
   1098    1226     555     372
   1100    1249     556     369
   1102    1283     557     369
   1104    1248     558     378
   1106    1255     559     389
   1108    1283     560     394
   1110    1184     561     420
   1112    1167     562     358
   1114    1165     563     428
   1116    1242     564     394
   1118    1115     565     434
   1120    1159     566     392
   1122    1188     567     424
   1124    1183     568     419
   1126    1090     569     379
   1128    1106     570     416
   1130    1155     571     407
   1132    1100     572     401
   1134    1067     573     365
   1136    1175     574     384
   1138    1088     575     386
   1140    1084     576     372
   1142    1058     577     372
   1144    1087     578     409
   1146    1093     579     358
   1149    1091     580     398
   1151     984     581     426
   1153    1115     582     438
   1155    1102     583     396
   1156    1009     584     430
   1158    1101     585     451
   1161    1059     586     463
   1163    1106     587     458
   1165    1037     588     498
   1167    1036     589     486
   1169    1047     590     471
   1171    1055     591     502
   1173    1062     592     489
   1175    1045     593     498
   1177    1021     594     521
   1179    1059     595     515
   1181    1030     596     539
   1183    1022     597     507
   1185    1039     598     552
   1187    1073     599     509
   1189    1048     600     549
   1190    1042     601     538
   1195    1076     603     471
   1200    1076     605     437
   1205    1042     608     403
   1210     840     611     403
   1215     807     613     336
   1220     908     615     269
   1225     941     618     269
   1230     975     620     269
   1235    1042     623     235
   1240     941     625     269
   1245     874     628     269
   1250     773     630     269
   1255     739     633     269
   1260     672     635     235
   1265     739     638     235
   1270     706     640     202
   1275     739     643     235
   1280     807     645     235
   1285     840     648     202
   1290     739     650     168
   1295     739     653     134
   1300     672     655     134
   1305     538     658     168
   1310     605     660     168
   1315     571     663     202
   1320     538     665     202
   1325     538     668     235
   1330     739     670     235
   1335     840     673     202
   1340     853     675     175
   1341     887     676     205
   1342     839     676     179
   1343     831     677     191
   1344     828     677     201
   1345     749     678     186
   1346     777     678     175
   1347     687     679     185
   1348     759     679     167
   1349     694     680     198
   1350     684     680     190
   1351     692     681     199
   1352     640     681     188
   1353     670     682     194
   1354     611     682     174
   1355     630     683     182
   1356     547     683     175
   1357     557     684     203
   1358     537     684     177
   1359     542     685     180
   1360     520     685     166
   1361     501     686     174
   1362     519     686     181
   1363     475     687     177
   1364     458     687     157
   1365     476     688     204
   1366     538     688     189
   1367     478     689     199
   1368     456     689     177
   1369     502     689     174
   1370     491     690     169
   1371     468     690     171
   1372     510     691     173
   1373     482     691     177
   1374     506     692     179
   1375     494     692     181
   1376     527     693     174
   1377     479     693     191
   1378     511     694     177
   1379     503     695     163
   1380     526     695     182
   1381     565     696     173
   1382     609     696     152
   1383     660     696     181
   1384     675     697     166
   1385     602     697     163
   1386     674     698     167
   1387     678     698     166
   1388     727     699     154
   1389     716     699     156
   1390     746     700     185
   1391     718     700     153
   1392     700     701     167
   1393     702     701     170
   1394     678     702     164
   1395     668     702     181
   1396     694     703     167
   1397     643     703     178
   1398     670     704     168
   1399     636     704     168
   1400     633     705     174
   1401     617     705     158
   1402     539     706     130
   1403     595     706     129
   1404     562     707     160
   1405     597     707     156
   1406     525     708     171
   1407     498     708     163
   1408     531     709     156
   1409     493     709     186
   1410     462     710     142
   1411     444     710     166
   1412     472     711     154
   1413     469     711     158
   1414     535     712     164
   1415     446     712     137
   1416     466     713     151
   1417     492     713     152
   1418     453     714     153
   1419     475     714     155
   1420     450     715     154
   1421     451     715     170
   1422     505     716     155
   1423     483     716     147
   1424     520     717     167
   1425     502     717     167
   1426     557     718     142
   1427     573     718     163
   1428     592     719     141
   1429     578     719     166
   1430     578     720     163
   1431     573     720     163
   1432     615     721     164
   1433     611     721     158
   1434     601     722     162
   1435     627     722     156
   1436     587     723     127
   1437     588     723     148
   1438     560     724     143
   1439     591     724     166
   1440     592     725     140
   1441     554     725     186
   1442     582     726     164
   1443     573     726     154
   1444     525     727     139
   1445     523     727     139
   1446     496     728     156
   1447     541     728     170
   1448     487     729     155
   1449     458     729     164
   1450     464     730     143
   1451     494     730     158
   1452     475     731     132
   1453     446     731     173
   1454     417     732     139
   1455     413     732     153
   1456     417     733     175
   1457     398     733     142
   1458     437     734     162
   1459     419     734     182
   1460     396     735     171
   1461     435     735     161
   1462     370     736     150
   1463     389     736     152
   1464     415     737     139
   1465     395     737     150
   1466     385     738     153
   1467     375     738     149
   1468     373     739     147
   1469     399     739     141
   1470     363     740     136
   1471     379     740     150
   1472     394     741     150
   1473     395     741     134
   1474     400     742     163
   1475     405     742     134
   1476     417     743     157
   1477     382     743     137
   1478     384     744     129
   1479     397     744     157
   1480     363     745     139
   1481     409     745     149
   1482     386     746     152
   1483     381     746     127
   1484     381     747     140
   1485     406     747     156
   1486     369     748     135
   1487     405     748     125
   1488     398     749     157
   1489     405     749     111
   1490     401     750     143
   1491     377     750     129
   1492     404     751     131
   1493     348     751     162
   1494     397     752     130
   1495     352     752     125
   1496     378     753     143
   1497     362     753     128
   1498     376     754     141
   1499     371     754     165
   1500     354     755     145
   1501     394     755     135
   1502     361     756     149
   1503     394     756     140
   1504     359     757     135
   1505     368     757     133
   1506     389     758     131
   1507     358     758     114
   1508     367     759     133
   1509     403     759     126
   1510     337     760     129
   1511     344     760     142
   1512     349     761     125
   1513     353     761     126
   1514     347     762     135
   1515     343     762     138
   1516     348     763     121
   1517     332     763     142
   1518     370     764     139
   1519     370     764     145
   1520     336     765     120
   1521     364     765     137
   1522     372     766     131
   1523     378     766     122
   1524     371     767     128
   1525     416     767     122
   1526     472     768     128
   1527     553     768     120
   1528     582     769     120
   1529     643     769     118
   1530     750     770     128
   1531     853     770     121
   1532     948     770     117
   1533    1003     771     120
   1534    1089     771     110
   1535    1179     772     127
   1536    1253     772     136
   1537    1349     773     138
   1538    1388     773     137
   1539    1422     774     144
   1540    1493     774     130
   1541    1409     775     127
   1542    1343     775     135
   1543    1409     776     118
   1544    1360     776     120
   1545    1359     777     116
   1546    1315     777     124
   1547    1266     778     126
   1548    1199     778     145
   1549    1045     779     125
   1550     999     779     142
   1555     571     782     134
   1560     403     784     134
   1565     403     787     134
   1570     303     789     101
   1575     336     792     101
   1580     370     794    67,2
   1585     437     797     134
   1590     303     799     134
   1595     303     802     134
   1600     336     804     134
   1605     202     807     134
   1610     168     809     101
   1615     235     812    67,2
   1620     269     814    67,2
   1625     336     817     101
   1630     235     819     134
   1635     101     822     134
   1640     168     824     101
   1645     269     827     101
   1650     403     829     134
   1655     370     832     168
   1660     336     834     134
   1665     269     836    67,2
   1670     202     839    33,6
   1675     134     841    33,6
   1680     235     844    67,2
   1685     202     846    67,2
   1690     202     849    67,2
   1695     202     851    67,2
   1700     168     854    67,2
   1705     336     856    67,2
   1710     202     859     101
   1715    67,2     861     101
   1720     101     864    67,2
   1725     168     866     101
   1730     101     869     101
   1735     168     871     101
   1740     168     874     134
   1745     235     876     168
   1750     269     879     134
   1755     403     881     101
   1760     403     884     134
   1765     336     886     101
   1770     134     889    33,6
   1775     202     891    33,6
   1780     168     894    67,2
   1785     101     896    67,2
   1790    67,2     899     101
   1795     134     901     101
   1800     101     903     101
   1805     101     906    33,6
   1810     101     908    67,2
   1815     168     911    67,2
   1820     134     913    67,2
   1825     134     916    33,6
   1830     101     918    67,2
   1835    67,2     921     101
   1840     101     923     134
   1845     101     926     101
   1850    67,2     928     101
   1855     101     931    67,2
   1860     101     933    67,2
   1865     134     936    67,2
   1870    33,6     938    33,6
   1875     134     941    67,2
   1880    33,6     943     101
   1885    67,2     946    67,2
   1890    67,2     948    67,2
   1895     101     951     101
   1900    67,2     953     101
   1905     101     956     101
   1910    67,2     958    33,6
   1915    33,6     961    33,6
   1920     134     963    33,6
   1925     571     966    67,2
   1930    1008     968    67,2
   1935     975     970    67,2
   1940     941     973    67,2
   1945     471     976    33,6
   1950     134     978     0,0
   1955    67,2     980    67,2
   1960    67,2     983    67,2
   1965    67,2     985    67,2
   1970    67,2     988    67,2
   1975    33,6     990    33,6
   1980     101     993    67,2
   1985     101     995    67,2
   1990     101     998     134
   1995    33,6    1000     101
   2000    33,6    1003    33,6
   2005     101    1005    33,6
   2010     101    1008    33,6
   2015    33,6    1010    67,2
   2020    33,6    1013    67,2
   2025    33,6    1015    33,6
   2030    67,2    1018     0,0
   2035    67,2    1020    67,2
   2040     101    1023     101
   2045     0,0    1025    67,2
   2050     168    1028    33,6
   2055     0,0    1030     0,0
   2060    33,6    1033    33,6
   2065    67,2    1035    67,2
   2070    67,2    1038    67,2
   2075     101    1040    33,6
   2080    67,2    1043    33,6
   2085    33,6    1045     101
   2090    67,2    1048    67,2
   2095    33,6    1050    67,2
   2100     101    1052    67,2
   2105    33,6    1055     0,0
   2110    67,2    1057    33,6
   2115    67,2    1060    67,2
   2120    67,2    1062    33,6
   2125    33,6    1065    33,6
   2130    33,6    1067    33,6
   2135    67,2    1070    33,6
   2140    33,6    1072    67,2
   2145     0,0    1075    67,2
   2150    67,2    1077     0,0
   2155    33,6    1080    33,6
   2160    67,2    1082    33,6
   2165    33,6    1085     0,0
   2170     0,0    1087    67,2
   2175    33,6    1090    33,6
   2180     0,0    1092    33,6
   2185    67,2    1095    33,6
   2190    33,6    1097     0,0
   2195     0,0    1100    33,6
   2200    33,6    1102    33,6
   2205    33,6    1105    33,6
   2210     101    1107    33,6
   2215    67,2    1110    33,6
   2220     0,0    1112    33,6
   2225     101    1115    33,6
   2230     0,0    1117    67,2
   2235    33,6    1119    33,6
   2240     0,0    1122     101
   2245     0,0    1125    67,2
   2250    33,6    1127    33,6
   2255     0,0    1129    67,2
   2260    33,6    1132    33,6
   2265     0,0    1134     0,0
   2270    67,2    1137     101
   2275    33,6    1139    67,2
   2280     134    1142    33,6
   2285    33,6    1144    33,6
   2290     134    1147     0,0
   2295    67,2    1149    67,2
   2300     0,0    1152     0,0
   2305    33,6    1154    67,2
   2310    33,6    1157     101
   2315    33,6    1159     101
   2320     0,0    1162    67,2
   2325     0,0    1164    33,6
   2330     0,0    1167     0,0
   2335    67,2    1169     0,0
   2340     0,0    1172    33,6
   2345    33,6    1174     0,0
   2350    33,6    1177     0,0
   2355     0,0    1179    33,6
   2360     0,0    1182     0,0
   2365    33,6    1184     0,0
   2370    33,6    1187     0,0
   2375    67,2    1189    33,6
   2380    33,6    1192    33,6
   2385     0,0    1194     0,0
   2390    33,6    1197     0,0
   2395     0,0    1199    33,6
   2400     0,0    1202     0,0
   2405     0,0    1204     0,0
   2410     0,0    1207    33,6
   2415     0,0    1209    67,2
   2420     0,0    1212     0,0
   2425    33,6    1214    33,6
   2430     0,0    1216     0,0
   2435    33,6    1219    67,2
   2440    33,6    1221    33,6
   2445     0,0    1224    33,6
   2450    33,6    1226    33,6
   2455     0,0    1229     0,0
   2460     0,0    1231    33,6
   2465     0,0    1234    33,6
   2470     0,0    1236     0,0
   2475     0,0    1239    33,6
   2480    33,6    1241     0,0
   2485     0,0    1244     0,0
   2490     0,0    1246    33,6
   2495     0,0    1249    33,6
   2500     0,0    1251     0,0
   2505     0,0    1254     0,0
   2510     0,0    1256    33,6
   2515     0,0    1259    33,6
   2520     0,0    1261     0,0
   2525     0,0    1264     0,0
   2530    33,6    1266     101
   2535    33,6    1269     0,0
   2540     0,0    1271     0,0
   2545     0,0    1274     0,0
   2550    33,6    1276    67,2
   2555     0,0    1279     0,0
   2560    67,2    1281     0,0
   2565     0,0    1284    33,6
   2570     0,0    1286     0,0
   2575    33,6    1289     0,0
   2580     0,0    1291    33,6
   2585     0,0    1294     0,0
   2590     0,0    1296    33,6
   2595    33,6    1299    33,6
   2600     0,0    1301     0,0
   2605    33,6    1304     101
   2610     0,0    1306     0,0
   2615     0,0    1309     0,0
   2620     0,0    1311     0,0
   2625     0,0    1314     0,0
   2630     0,0    1316     0,0
   2635     0,0    1319     0,0
   2640     0,0    1321     0,0
   2645     0,0    1324     0,0
   2650     0,0    1326     0,0
   2655    67,2    1328    33,6
   2660    33,6    1331     0,0
   2665     0,0    1333     0,0
   2670     0,0    1336     0,0
   2675     0,0    1338     0,0
   2680     0,0    1341     101
   2685    33,6    1343     0,0
   2690     0,0    1346    33,6
   2695     0,0    1348     0,0
   2700    33,6    1351    67,2
   2705     0,0    1353    33,6
   2710     0,0    1356    33,6
   2715     0,0    1358    33,6
   2720    33,6    1361    33,6
   2725     0,0    1363     0,0
   2730     0,0    1366    67,2
   2735     0,0    1368    67,2
   2740     0,0    1371     0,0
   2745    33,6    1373     0,0
   2750    33,6    1376    33,6
   2755     0,0    1378     0,0
   2760     0,0    1381     0,0
   2765     0,0    1383    33,6
   2770    33,6    1386     0,0
   2775     0,0    1388     0,0
   2780    67,2    1391    67,2
   2785     0,0    1393     0,0
   2790     0,0    1396     0,0
   2795     0,0    1398    33,6
   2800     0,0    1401     0,0
   2805     0,0    1403     0,0
   2810     0,0    1406     0,0
   2815     0,0    1408     0,0
   2820     0,0    1411    33,6
   2825     0,0    1413     0,0
   2830     0,0    1416     0,0
   2835     0,0    1418     0,0
   2840     0,0    1420     0,0
   2845     0,0    1423     0,0
   2850     0,0    1425    33,6
   2855     0,0    1428     0,0
   2860    33,6    1430     0,0
   2865     0,0    1433    67,2
   2870     0,0    1435     0,0
   2875    33,6    1438     0,0
   2880    33,6    1440     0,0
   2885     0,0    1443     0,0
   2890     0,0    1445     0,0
   2895     0,0    1448     0,0
   2900     0,0    1450    33,6
   2905     0,0    1453     0,0
   2910     0,0    1455     0,0
   2915    33,6    1458    33,6
   2920     0,0    1460     0,0
   2925    67,2    1463     0,0
   2930    33,6    1465     0,0
   2935     0,0    1468     0,0
   2940     0,0    1470     0,0
   2945     0,0    1473     0,0
   2950     0,0    1475     0,0
   2955     0,0    1478    33,6
   2960     0,0    1480     0,0
   2965    33,6    1483    33,6
   2970     0,0    1485     0,0
   2975     0,0    1488     0,0
   2980     0,0    1490     0,0
   2985     0,0    1493     0,0
   2990     0,0    1495     0,0
   2995     0,0    1498     0,0
   3000     0,0    1500    33,6
   3005     0,0    1503     0,0
   3010     0,0    1505     0,0
   3015     0,0    1508    33,6
   3020     0,0    1510     0,0
   3025    33,6    1513     0,0
   3030     0,0    1515     0,0
   3035     0,0    1518     0,0
   3040     0,0    1520     0,0
   3045     0,0    1523     0,0
   3050     0,0    1525     0,0
   3055     0,0    1528     0,0
   3060     0,0    1530    33,6
   3065     0,0    1533     0,0
   3070     0,0    1535     0,0
   3075     0,0    1538    67,2
   3080     0,0    1540    33,6
   3085     0,0    1543    67,2
   3090     0,0    1545    33,6
   3095     0,0    1548     0,0
   3100     0,0    1550     0,0
   3105     0,0    1553     0,0
   3110     0,0    1555    33,6
   3115     0,0    1558     0,0
   3120     0,0    1560     0,0
   3125     0,0    1562     0,0
   3130     0,0    1565     0,0
   3135     0,0    1568     0,0
   3140     0,0    1570    33,6
   3145     0,0    1573    33,6
   3150     0,0    1575    33,6
   3155     0,0    1577     0,0
   3160     0,0    1580     0,0
   3165     0,0    1583     0,0
   3170     0,0    1585     0,0
   3175     0,0    1587     0,0
   3180     0,0    1590    33,6
   3185     0,0    1592     0,0
   3190     0,0    1595     0,0
   3195     0,0    1597     0,0
   3200     0,0    1600     0,0
   3205     0,0    1602     0,0
   3210     0,0    1605     0,0
   3215     0,0    1607     0,0
