         2        -0.200104333263190E+004
         3        -0.200046804455256E+004
         4        -0.200290081086849E+004
         5        -0.200335111335405E+004
         6        -0.200348916030793E+004
         7        -0.200356434286438E+004
         8        -0.200293184307363E+004
         9        -0.200316442276743E+004
        10        -0.200358635772900E+004
        11        -0.200349730644801E+004
        12        -0.200358855531714E+004
        13        -0.200361024610926E+004
        14        -0.200361678893550E+004
        15        -0.200361692116047E+004
        16        -0.200361691177505E+004
        17        -0.200361695755111E+004
        18        -0.200361706248939E+004
        19        -0.200361720677898E+004
        20        -0.200361727675408E+004
        21        -0.200361722189883E+004
        22        -0.200361727624090E+004
        23        -0.200361726823298E+004
        24        -0.200361726807239E+004
        25        -0.200361726997576E+004
        26        -0.200361727328157E+004
        27        -0.200361726955953E+004
        28        -0.200361727093143E+004
        29        -0.200361727008734E+004
        30        -0.200361727025161E+004
