         1         0.100000000000000E+001
         2         0.100000000000000E+001
         3         0.100000000000000E+001
         4         0.100000000000000E+001
         5         0.100000000000000E+001
         6         0.100000000000000E+001
         7         0.100000000000000E+001
         8         0.100000000000000E+001
         9         0.100000000000000E+001
        10         0.100000000000000E+001
        11         0.100000000000000E+001
        12         0.100000000000000E+001
        13         0.100000000000000E+001
        14         0.100000000000000E+001
        15         0.100000000000000E+001
        16         0.100000000000000E+001
        17         0.100000000000000E+001
        18         0.100000000000000E+001
        19         0.100000000000000E+001
        20         0.100000000000000E+001
        21         0.100000000000000E+001
        22         0.100000000000000E+001
        23         0.100000000000000E+001
        24         0.100000000000000E+001
        25         0.100000000000000E+001
        26         0.100000000000000E+001
        27         0.100000000000000E+001
        28         0.100000000000000E+001
        29         0.100000000000000E+001
        30         0.100000000000000E+001
 
         1         0.100000000000000E+001
         2         0.100000000000000E+001
         3         0.100000000000000E+001
         4         0.100000000000000E+001
         5         0.100000000000000E+001
         6         0.100000000000000E+001
         7         0.100000000000000E+001
         8         0.100000000000000E+001
         9         0.100000000000000E+001
        10         0.100000000000000E+001
        11         0.100000000000000E+001
        12         0.100000000000000E+001
        13         0.100000000000000E+001
        14         0.100000000000000E+001
        15         0.100000000000000E+001
        16         0.100000000000000E+001
        17         0.100000000000000E+001
        18         0.100000000000000E+001
        19         0.100000000000000E+001
        20         0.100000000000000E+001
        21         0.100000000000000E+001
        22         0.100000000000000E+001
        23         0.100000000000000E+001
        24         0.100000000000000E+001
        25         0.100000000000000E+001
        26         0.100000000000000E+001
        27         0.100000000000000E+001
        28         0.100000000000000E+001
        29         0.100000000000000E+001
        30         0.100000000000000E+001
 
         1         0.107590808932602E+001
         2         0.110794182616873E+001
         3         0.111671740659039E+001
         4         0.113656410146104E+001
         5         0.115078813755492E+001
         6         0.113421939165598E+001
         7         0.114259839185359E+001
         8         0.113477276054966E+001
         9         0.117198659585004E+001
        10         0.117275182313131E+001
        11         0.115797755434823E+001
        12         0.115949847930560E+001
        13         0.115671016131811E+001
        14         0.115441921603935E+001
        15         0.115575414917498E+001
        16         0.115665134791583E+001
        17         0.115813491023452E+001
        18         0.115908574031694E+001
        19         0.115927226184327E+001
        20         0.115922773169849E+001
        21         0.115926384605902E+001
        22         0.115926246228556E+001
        23         0.115927096107435E+001
        24         0.115926393786851E+001
        25         0.115923634034637E+001
        26         0.115921286415450E+001
        27         0.115920974162822E+001
        28         0.115921120033089E+001
        29         0.115921238452231E+001
        30         0.115921261589745E+001
 
         1         0.107558005508939E+001
         2         0.110610783951727E+001
         3         0.111467459204549E+001
         4         0.113196848596886E+001
         5         0.111709495298847E+001
         6         0.110639983772723E+001
         7         0.109908708377145E+001
         8         0.111594409526111E+001
         9         0.111084246772213E+001
        10         0.111654206942064E+001
        11         0.109464975295470E+001
        12         0.109467449617249E+001
        13         0.109652958322316E+001
        14         0.110100579384723E+001
        15         0.110008470819404E+001
        16         0.109964096451248E+001
        17         0.109906697849663E+001
        18         0.109868878906313E+001
        19         0.109858589903507E+001
        20         0.109858351577029E+001
        21         0.109864692393910E+001
        22         0.109864327685031E+001
        23         0.109863625320718E+001
        24         0.109863246782648E+001
        25         0.109863435562233E+001
        26         0.109863183522233E+001
        27         0.109863090521724E+001
        28         0.109862992241991E+001
        29         0.109863035222636E+001
        30         0.109863045292409E+001
 
         1         0.107495896646561E+001
         2         0.108757999122406E+001
         3         0.110262725917314E+001
         4         0.110439486020964E+001
         5         0.113581635818223E+001
         6         0.118448672757173E+001
         7         0.120049081443182E+001
         8         0.113231709827145E+001
         9         0.115711965210814E+001
        10         0.114998071040707E+001
        11         0.117546487429126E+001
        12         0.118760631471369E+001
        13         0.120155578702005E+001
        14         0.120158678074658E+001
        15         0.120290684043811E+001
        16         0.120368704983584E+001
        17         0.120808395714770E+001
        18         0.120982129756286E+001
        19         0.120978727536689E+001
        20         0.120977635503125E+001
        21         0.120969959495388E+001
        22         0.120972395296750E+001
        23         0.120974739404318E+001
        24         0.120971908730994E+001
        25         0.120964860145191E+001
        26         0.120962742913948E+001
        27         0.120961748362567E+001
        28         0.120962322871619E+001
        29         0.120962443172197E+001
        30         0.120962518450816E+001
 
         1         0.106981194020377E+001
         2         0.109621136266907E+001
         3         0.110436039515114E+001
         4         0.112049613850639E+001
         5         0.117002018823942E+001
         6         0.120364436457914E+001
         7         0.119867138239734E+001
         8         0.113716615499150E+001
         9         0.117742464314137E+001
        10         0.117285552081705E+001
        11         0.118766454577498E+001
        12         0.118602143249557E+001
        13         0.118182643455843E+001
        14         0.117861978276886E+001
        15         0.117727767698308E+001
        16         0.117417834401831E+001
        17         0.116745919186662E+001
        18         0.116310541562025E+001
        19         0.116180417620851E+001
        20         0.116168155274114E+001
        21         0.116138530872131E+001
        22         0.116129859145257E+001
        23         0.116112126258828E+001
        24         0.116111029796874E+001
        25         0.116115107376313E+001
        26         0.116120309217161E+001
        27         0.116121537822494E+001
        28         0.116121631669547E+001
        29         0.116121447143501E+001
        30         0.116121407229228E+001
 
         1         0.107235292695533E+001
         2         0.110106749799937E+001
         3         0.111004100749966E+001
         4         0.112826031433249E+001
         5         0.118244761059436E+001
         6         0.120942157183450E+001
         7         0.120386889726069E+001
         8         0.113656145187402E+001
         9         0.117664699268750E+001
        10         0.117081850478811E+001
        11         0.118953161709938E+001
        12         0.118861740038436E+001
        13         0.118743555839920E+001
        14         0.118457819683908E+001
        15         0.118386205353109E+001
        16         0.118192936749460E+001
        17         0.117864510687774E+001
        18         0.117652105907402E+001
        19         0.117596766055605E+001
        20         0.117606111411185E+001
        21         0.117596890504080E+001
        22         0.117599169740255E+001
        23         0.117600165942005E+001
        24         0.117602346349251E+001
        25         0.117609540734250E+001
        26         0.117615383296737E+001
        27         0.117615952413412E+001
        28         0.117615687998846E+001
        29         0.117615410758730E+001
        30         0.117615353198355E+001
 
         1         0.107685049677782E+001
         2         0.110946112900616E+001
         3         0.111939790283569E+001
         4         0.114111753446341E+001
         5         0.122372685235844E+001
         6         0.129412525443683E+001
         7         0.129915441316280E+001
         8         0.129584833700372E+001
         9         0.134039590730465E+001
        10         0.134353126651687E+001
        11         0.134121127445265E+001
        12         0.134031883129901E+001
        13         0.133150963519016E+001
        14         0.133714299153159E+001
        15         0.133792988591971E+001
        16         0.134269837246163E+001
        17         0.134961743418980E+001
        18         0.135483614264950E+001
        19         0.135651618651123E+001
        20         0.135629980630039E+001
        21         0.135665039638068E+001
        22         0.135660550245330E+001
        23         0.135662529869672E+001
        24         0.135659914686699E+001
        25         0.135647666236009E+001
        26         0.135634995843528E+001
        27         0.135634174999597E+001
        28         0.135634333356866E+001
        29         0.135634888056673E+001
        30         0.135634964927880E+001
 
