         2        -0.200103649815043E+004
         3        -0.200123023625542E+004
         4        -0.200297643364755E+004
         5        -0.200337055185052E+004
         6        -0.200342709579053E+004
         7        -0.200359342901187E+004
         8        -0.200322424389623E+004
         9        -0.200349291875111E+004
        10        -0.200360896619628E+004
        11        -0.200360597590761E+004
        12        -0.200361131102206E+004
        13        -0.200361238290759E+004
        14        -0.200361247313639E+004
        15        -0.200361254969506E+004
        16        -0.200361253354539E+004
        17        -0.200361251052982E+004
        18        -0.200361258381148E+004
        19        -0.200361248716060E+004
        20        -0.200361259239359E+004
        21        -0.200361259066179E+004
        22        -0.200361260160653E+004
        23        -0.200361259786109E+004
        24        -0.200361259942124E+004
        25        -0.200361260050007E+004
        26        -0.200361259952514E+004
        27        -0.200361260011067E+004
        28        -0.200361259984301E+004
