         1         0.100000000000000E+001
         2         0.100000000000000E+001
         3         0.100000000000000E+001
         4         0.100000000000000E+001
         5         0.100000000000000E+001
         6         0.100000000000000E+001
         7         0.100000000000000E+001
         8         0.100000000000000E+001
         9         0.100000000000000E+001
        10         0.100000000000000E+001
        11         0.100000000000000E+001
        12         0.100000000000000E+001
        13         0.100000000000000E+001
        14         0.100000000000000E+001
        15         0.100000000000000E+001
        16         0.100000000000000E+001
        17         0.100000000000000E+001
        18         0.100000000000000E+001
        19         0.100000000000000E+001
        20         0.100000000000000E+001
        21         0.100000000000000E+001
        22         0.100000000000000E+001
        23         0.100000000000000E+001
        24         0.100000000000000E+001
        25         0.100000000000000E+001
        26         0.100000000000000E+001
        27         0.100000000000000E+001
        28         0.100000000000000E+001
 
         1         0.100000000000000E+001
         2         0.100000000000000E+001
         3         0.100000000000000E+001
         4         0.100000000000000E+001
         5         0.100000000000000E+001
         6         0.100000000000000E+001
         7         0.100000000000000E+001
         8         0.100000000000000E+001
         9         0.100000000000000E+001
        10         0.100000000000000E+001
        11         0.100000000000000E+001
        12         0.100000000000000E+001
        13         0.100000000000000E+001
        14         0.100000000000000E+001
        15         0.100000000000000E+001
        16         0.100000000000000E+001
        17         0.100000000000000E+001
        18         0.100000000000000E+001
        19         0.100000000000000E+001
        20         0.100000000000000E+001
        21         0.100000000000000E+001
        22         0.100000000000000E+001
        23         0.100000000000000E+001
        24         0.100000000000000E+001
        25         0.100000000000000E+001
        26         0.100000000000000E+001
        27         0.100000000000000E+001
        28         0.100000000000000E+001
 
         1         0.107585372603073E+001
         2         0.110775610456220E+001
         3         0.111765477067238E+001
         4         0.114227155982294E+001
         5         0.115423084965361E+001
         6         0.113475690956846E+001
         7         0.115193022947103E+001
         8         0.116511546901356E+001
         9         0.116308834379323E+001
        10         0.115362278417749E+001
        11         0.115903111210897E+001
        12         0.115507253070939E+001
        13         0.115542713636851E+001
        14         0.115619029562422E+001
        15         0.115636789714026E+001
        16         0.115698911845901E+001
        17         0.115711374232793E+001
        18         0.115772578241562E+001
        19         0.115819924107321E+001
        20         0.115818653945383E+001
        21         0.115816634061832E+001
        22         0.115819452440781E+001
        23         0.115819698331299E+001
        24         0.115820347876839E+001
        25         0.115820575681168E+001
        26         0.115820520570961E+001
        27         0.115820492115392E+001
        28         0.115820468162194E+001
 
         1         0.107556902467772E+001
         2         0.110585416904326E+001
         3         0.111559818656244E+001
         4         0.113667031324069E+001
         5         0.112953138412470E+001
         6         0.110951408977947E+001
         7         0.109738052165603E+001
         8         0.113333057992525E+001
         9         0.110504469026815E+001
        10         0.109389592938327E+001
        11         0.110725290948523E+001
        12         0.110222176823491E+001
        13         0.110307326016147E+001
        14         0.110152195179505E+001
        15         0.110104771684015E+001
        16         0.110168453021316E+001
        17         0.110096991976295E+001
        18         0.110084129933621E+001
        19         0.110087791436183E+001
        20         0.110081547067178E+001
        21         0.110079967400924E+001
        22         0.110080796696273E+001
        23         0.110080785366732E+001
        24         0.110081079010902E+001
        25         0.110080989459004E+001
        26         0.110080978934645E+001
        27         0.110080949351144E+001
        28         0.110080964333994E+001
 
         1         0.107453798030515E+001
         2         0.108334674728476E+001
         3         0.109788118701315E+001
         4         0.109383424823463E+001
         5         0.112168166357760E+001
         6         0.117007097785528E+001
         7         0.118079505598019E+001
         8         0.112239330772824E+001
         9         0.118164877532429E+001
        10         0.120894811144792E+001
        11         0.118732106698095E+001
        12         0.120016958032309E+001
        13         0.119855645965877E+001
        14         0.119702021360024E+001
        15         0.119794624810562E+001
        16         0.119909224824307E+001
        17         0.119960847606854E+001
        18         0.120067103397408E+001
        19         0.120107953398301E+001
        20         0.120106536149159E+001
        21         0.120102323901682E+001
        22         0.120110340752376E+001
        23         0.120110362420843E+001
        24         0.120110840730071E+001
        25         0.120111547063872E+001
        26         0.120111348935369E+001
        27         0.120111428546966E+001
        28         0.120111372489543E+001
 
         1         0.106969746609504E+001
         2         0.109624786646017E+001
         3         0.110511619895534E+001
         4         0.112522305016525E+001
         5         0.116475648609654E+001
         6         0.120023391411250E+001
         7         0.118818130222523E+001
         8         0.115617093353108E+001
         9         0.117925599160243E+001
        10         0.118240259792277E+001
        11         0.117538094799717E+001
        12         0.117475530314545E+001
        13         0.117332595681761E+001
        14         0.117144609086995E+001
        15         0.117089183585501E+001
        16         0.116495838393104E+001
        17         0.116509477585385E+001
        18         0.116259516730045E+001
        19         0.116044425664495E+001
        20         0.116042145463362E+001
        21         0.116046923054063E+001
        22         0.116042744584328E+001
        23         0.116044342686788E+001
        24         0.116045559224196E+001
        25         0.116045337407909E+001
        26         0.116045725757668E+001
        27         0.116045667534890E+001
        28         0.116045719573493E+001
 
         1         0.107244239569442E+001
         2         0.110166866361126E+001
         3         0.111141519324427E+001
         4         0.113446010968923E+001
         5         0.117898438124952E+001
         6         0.120829647556518E+001
         7         0.119221374939136E+001
         8         0.115827571008863E+001
         9         0.118042774613654E+001
        10         0.118890625683472E+001
        11         0.117855538166580E+001
        12         0.118186859741671E+001
        13         0.118083727775740E+001
        14         0.118053821400330E+001
        15         0.118050376356415E+001
        16         0.117809072017431E+001
        17         0.117845194437887E+001
        18         0.117758349918900E+001
        19         0.117673487186499E+001
        20         0.117669297962757E+001
        21         0.117666432892491E+001
        22         0.117658451437315E+001
        23         0.117656044683273E+001
        24         0.117653900519519E+001
        25         0.117653620017112E+001
        26         0.117653529814892E+001
        27         0.117653639613663E+001
        28         0.117653665437152E+001
 
         1         0.107683493091677E+001
         2         0.110946548672756E+001
         3         0.112060842895739E+001
         4         0.114822552430120E+001
         5         0.121550913656202E+001
         6         0.129630807740948E+001
         7         0.130991774930436E+001
         8         0.130371622166221E+001
         9         0.134458353641538E+001
        10         0.132166567285459E+001
        11         0.135067207979897E+001
        12         0.133740212994034E+001
        13         0.134040827605445E+001
        14         0.134338683255716E+001
        15         0.134310677096577E+001
        16         0.134906622519915E+001
        17         0.134843488121738E+001
        18         0.135037529414212E+001
        19         0.135258113437288E+001
        20         0.135269803082736E+001
        21         0.135278354712864E+001
        22         0.135291578196950E+001
        23         0.135296269748098E+001
        24         0.135300189323836E+001
        25         0.135300410372071E+001
        26         0.135300666590526E+001
        27         0.135300385037798E+001
        28         0.135300339745725E+001
 
