         2        -0.200362598794922E+004
         3        -0.200362483107359E+004
         4        -0.200362620126350E+004
         5        -0.200362617490734E+004
         6        -0.200362611695481E+004
         7        -0.200362612858775E+004
         8        -0.200362612943639E+004
         9        -0.200362612837858E+004
        10        -0.200362612812207E+004
        11        -0.200362612437002E+004
        12        -0.200362612574975E+004
        13        -0.200362612533693E+004
