         1         0.100000000000000E+001
         2         0.100000000000000E+001
         3         0.100000000000000E+001
         4         0.100000000000000E+001
         5         0.100000000000000E+001
         6         0.100000000000000E+001
         7         0.100000000000000E+001
         8         0.100000000000000E+001
         9         0.100000000000000E+001
        10         0.100000000000000E+001
        11         0.100000000000000E+001
        12         0.100000000000000E+001
        13         0.100000000000000E+001
 
         1         0.100000000000000E+001
         2         0.100000000000000E+001
         3         0.100000000000000E+001
         4         0.100000000000000E+001
         5         0.100000000000000E+001
         6         0.100000000000000E+001
         7         0.100000000000000E+001
         8         0.100000000000000E+001
         9         0.100000000000000E+001
        10         0.100000000000000E+001
        11         0.100000000000000E+001
        12         0.100000000000000E+001
        13         0.100000000000000E+001
 
         1         0.115775155218691E+001
         2         0.115929665123828E+001
         3         0.115874065910236E+001
         4         0.115905086713938E+001
         5         0.115905726652379E+001
         6         0.115904588126956E+001
         7         0.115905632789645E+001
         8         0.115908333106487E+001
         9         0.115911349971404E+001
        10         0.115912472960926E+001
        11         0.115912271984915E+001
        12         0.115912223596446E+001
        13         0.115912186167962E+001
 
         1         0.112665622350400E+001
         2         0.112782496657151E+001
         3         0.112726340008528E+001
         4         0.112732943268032E+001
         5         0.112731499996371E+001
         6         0.112729711925966E+001
         7         0.112730186793015E+001
         8         0.112731052120533E+001
         9         0.112731394112581E+001
        10         0.112731917160467E+001
        11         0.112731774470416E+001
        12         0.112731762593963E+001
        13         0.112731737234565E+001
 
         1         0.121049298992275E+001
         2         0.121268871806013E+001
         3         0.121123889813087E+001
         4         0.121163230037064E+001
         5         0.121188417037135E+001
         6         0.121187229599766E+001
         7         0.121188271096849E+001
         8         0.121191685316653E+001
         9         0.121195993929883E+001
        10         0.121197893277297E+001
        11         0.121197916831476E+001
        12         0.121197881082792E+001
        13         0.121197802668505E+001
 
         1         0.115696451522686E+001
         2         0.115653079851241E+001
         3         0.115670859842467E+001
         4         0.115660262222000E+001
         5         0.115655023182160E+001
         6         0.115648857453822E+001
         7         0.115644627747810E+001
         8         0.115634393497876E+001
         9         0.115621836894104E+001
        10         0.115619058865078E+001
        11         0.115619508434208E+001
        12         0.115619797215766E+001
        13         0.115619883055162E+001
 
         1         0.120416902836378E+001
         2         0.120383036373959E+001
         3         0.120398929728562E+001
         4         0.120394418661093E+001
         5         0.120393274001101E+001
         6         0.120392536338845E+001
         7         0.120391620642967E+001
         8         0.120389375756363E+001
         9         0.120386704663705E+001
        10         0.120386018263349E+001
        11         0.120386142399236E+001
        12         0.120386194586949E+001
        13         0.120386211979559E+001
 
         1         0.138366444226737E+001
         2         0.138167899156343E+001
         3         0.138328161248334E+001
         4         0.138327032341314E+001
         5         0.138309875144322E+001
         6         0.138318536401785E+001
         7         0.138322358594829E+001
         8         0.138331053285137E+001
         9         0.138342566364133E+001
        10         0.138344153387150E+001
        11         0.138343952792000E+001
        12         0.138343588138044E+001
        13         0.138343563808824E+001
 
