         2        -0.200362682013721E+004
         3        -0.200362622687141E+004
         4        -0.200362676924706E+004
         5        -0.200362675060018E+004
         6        -0.200362671878399E+004
         7        -0.200362672578843E+004
         8        -0.200362672569618E+004
         9        -0.200362672526555E+004
        10        -0.200362672435932E+004
        11        -0.200362672269622E+004
        12        -0.200362672405784E+004
        13        -0.200362672341079E+004
