         1         0.100000000000000E+001
         2         0.100000000000000E+001
         3         0.100000000000000E+001
         4         0.100000000000000E+001
         5         0.100000000000000E+001
         6         0.100000000000000E+001
         7         0.100000000000000E+001
         8         0.100000000000000E+001
         9         0.100000000000000E+001
        10         0.100000000000000E+001
        11         0.100000000000000E+001
        12         0.100000000000000E+001
        13         0.100000000000000E+001
 
         1         0.100000000000000E+001
         2         0.100000000000000E+001
         3         0.100000000000000E+001
         4         0.100000000000000E+001
         5         0.100000000000000E+001
         6         0.100000000000000E+001
         7         0.100000000000000E+001
         8         0.100000000000000E+001
         9         0.100000000000000E+001
        10         0.100000000000000E+001
        11         0.100000000000000E+001
        12         0.100000000000000E+001
        13         0.100000000000000E+001
 
         1         0.115859055221454E+001
         2         0.115937276461039E+001
         3         0.115908684793129E+001
         4         0.115924328996319E+001
         5         0.115924703093317E+001
         6         0.115924188723686E+001
         7         0.115924783724668E+001
         8         0.115926150701383E+001
         9         0.115927887645643E+001
        10         0.115928483960146E+001
        11         0.115928204341818E+001
        12         0.115928228060870E+001
        13         0.115928215189028E+001
 
         1         0.112661891806995E+001
         2         0.112721652294635E+001
         3         0.112692760851106E+001
         4         0.112696461876410E+001
         5         0.112695665098587E+001
         6         0.112694765351708E+001
         7         0.112695028924448E+001
         8         0.112695461541018E+001
         9         0.112695750665355E+001
        10         0.112695997557167E+001
        11         0.112695873088627E+001
        12         0.112695892328237E+001
        13         0.112695879519680E+001
 
         1         0.121249251887236E+001
         2         0.121362371840281E+001
         3         0.121287766531668E+001
         4         0.121307674778747E+001
         5         0.121320822888249E+001
         6         0.121320039381079E+001
         7         0.121320800101556E+001
         8         0.121322528396193E+001
         9         0.121325105670232E+001
        10         0.121326163057789E+001
        11         0.121325682721657E+001
        12         0.121325866057824E+001
        13         0.121325836556347E+001
 
         1         0.115699482897273E+001
         2         0.115677202569782E+001
         3         0.115686445016539E+001
         4         0.115680945895566E+001
         5         0.115678180206302E+001
         6         0.115674984613776E+001
         7         0.115672593702861E+001
         8         0.115667340743331E+001
         9         0.115660441738138E+001
        10         0.115658666347175E+001
        11         0.115659511151383E+001
        12         0.115659592808095E+001
        13         0.115659596552401E+001
 
         1         0.120414734645549E+001
         2         0.120397350948496E+001
         3         0.120405560879715E+001
         4         0.120403189347486E+001
         5         0.120402586842907E+001
         6         0.120402200438234E+001
         7         0.120401679499693E+001
         8         0.120400520923672E+001
         9         0.120399021816456E+001
        10         0.120398600709714E+001
        11         0.120398805599724E+001
        12         0.120398813306235E+001
        13         0.120398815439315E+001
 
         1         0.138306184842380E+001
         2         0.138204166606326E+001
         3         0.138286763687672E+001
         4         0.138286494818071E+001
         5         0.138277599505094E+001
         6         0.138282389613755E+001
         7         0.138284397032453E+001
         8         0.138288932348372E+001
         9         0.138295064384812E+001
        10         0.138296275730324E+001
        11         0.138295800639266E+001
        12         0.138295548088830E+001
        13         0.138295572327313E+001
 
