TIME STEP:
125 = 20us

VOLTAGE STEP:
CH1:  32 = 50mV
CH2:  32 = 15mV
GND	1	128

N	CH1	CH2
0	9	128
1	9	128
2	10	128
3	10	128
4	9	128
5	9	128
6	10	128
7	10	128
8	9	128
9	10	128
10	10	128
11	9	128
12	11	128
13	11	128
14	8	128
15	14	128
16	12	128
17	14	128
18	8	128
19	11	128
20	9	128
21	11	128
22	10	128
23	10	128
24	9	128
25	10	128
26	10	128
27	10	128
28	10	128
29	9	128
30	10	128
31	10	128
32	10	128
33	9	128
34	10	128
35	9	128
36	10	128
37	9	128
38	10	128
39	9	128
40	10	128
41	10	128
42	10	128
43	9	128
44	10	128
45	10	128
46	10	128
47	10	128
48	10	128
49	9	128
50	10	128
51	10	127
52	10	127
53	10	128
54	10	128
55	10	128
56	10	127
57	10	128
58	10	128
59	10	128
60	10	128
61	10	128
62	10	128
63	11	128
64	11	128
65	11	128
66	11	128
67	12	128
68	12	127
69	13	128
70	14	128
71	15	127
72	16	128
73	17	127
74	20	127
75	24	128
76	31	128
77	46	128
78	102	128
79	231	127
80	255	128
81	255	128
82	255	128
83	255	128
84	255	128
85	255	128
86	255	128
87	255	128
88	255	128
89	255	128
90	255	128
91	255	128
92	255	128
93	255	128
94	255	128
95	255	128
96	255	128
97	255	128
98	255	128
99	255	128
100	255	128
101	255	128
102	255	128
103	255	128
104	236	128
105	219	128
106	196	128
107	168	127
108	143	127
109	124	127
110	113	127
111	107	127
112	100	127
113	89	128
114	79	127
115	70	127
116	62	127
117	55	127
118	50	127
119	47	128
120	43	127
121	40	127
122	37	128
123	34	128
124	32	128
125	31	127
126	29	128
127	27	128
128	26	127
129	25	128
130	25	128
131	23	128
132	23	128
133	22	128
134	21	127
135	21	128
136	20	128
137	20	128
138	19	128
139	19	128
140	18	128
141	18	128
142	17	128
143	17	128
144	16	128
145	16	128
146	16	128
147	15	128
148	15	128
149	15	128
150	15	128
151	15	128
152	15	128
153	14	128
154	14	128
155	14	128
156	14	128
157	13	128
158	13	128
159	13	128
160	13	128
161	13	128
162	13	128
163	13	128
164	13	128
165	13	128
166	12	128
167	12	128
168	12	128
169	12	128
170	12	128
171	12	128
172	12	128
173	12	128
174	12	128
175	12	128
176	11	128
177	11	128
178	11	128
179	11	128
180	11	128
181	11	128
182	11	128
183	11	128
184	10	128
185	11	128
186	11	128
187	10	128
188	11	128
189	10	128
190	10	128
191	10	128
192	11	128
193	10	128
194	10	128
195	10	128
196	10	128
197	10	128
198	10	128
199	10	128
200	10	128
201	10	128
202	9	128
203	10	128
204	10	128
205	10	128
206	10	128
207	10	128
208	10	128
209	10	128
210	10	128
211	10	128
212	10	128
213	9	128
214	9	128
215	9	128
216	10	128
217	10	128
218	9	128
219	10	128
220	10	128
221	10	128
222	10	128
223	10	128
224	9	128
225	9	128
226	10	128
227	9	128
228	9	128
229	9	128
230	10	128
231	10	128
232	10	128
233	10	128
234	10	128
235	10	128
236	10	128
237	10	128
238	10	128
239	10	128
240	9	128
241	10	127
242	10	128
243	10	128
244	9	128
245	10	128
246	9	128
247	10	128
248	10	128
249	10	128
250	10	128
251	10	128
252	10	128
253	10	128
254	10	128
255	10	128
256	10	128
257	10	127
258	10	128
259	10	128
260	10	127
261	10	128
262	10	128
263	10	128
264	10	127
265	10	127
266	10	128
267	10	128
268	10	128
269	10	128
270	10	128
271	10	128
272	10	128
273	10	127
274	10	128
275	10	127
276	10	127
277	10	127
278	11	128
279	11	127
280	11	128
281	11	128
282	11	127
283	11	128
284	11	127
285	12	127
286	12	127
287	13	127
288	17	127
289	16	127
290	16	127
291	13	128
292	18	127
293	15	127
294	20	128
295	19	127
296	24	128
297	26	128
298	33	127
299	43	127
300	81	127
301	161	127
302	229	127
303	235	127
304	197	127
305	161	127
306	164	127
307	211	127
308	255	128
309	255	128
310	255	128
311	255	128
312	255	128
313	255	128
314	255	128
315	255	128
316	255	128
317	255	128
318	255	128
319	255	128
320	255	128
321	255	128
322	255	128
323	255	128
324	255	128
325	255	128
326	255	128
327	255	128
328	255	128
329	255	128
330	238	128
331	220	128
332	209	127
333	202	127
334	191	127
335	175	127
336	157	127
337	143	127
338	132	127
339	125	127
340	119	127
341	110	127
342	101	127
343	91	127
344	83	127
345	77	127
346	72	127
347	68	127
348	64	127
349	59	127
350	55	127
351	52	127
352	48	127
353	45	127
354	42	128
355	40	128
356	37	128
357	35	128
358	34	128
359	32	128
360	30	128
361	29	128
362	26	128
363	26	128
364	27	128
365	26	128
366	25	128
367	24	128
368	23	128
369	23	128
370	22	128
371	21	128
372	21	127
373	21	128
374	20	128
375	19	128
376	19	128
377	19	128
378	18	128
379	18	128
380	18	128
381	17	128
382	17	128
383	17	128
384	16	128
385	15	128
386	17	128
387	16	128
388	15	128
389	14	128
390	15	128
391	15	128
392	15	128
393	14	128
394	15	128
395	14	128
396	14	128
397	14	128
398	14	128
399	14	128
400	13	128
401	13	128
402	13	128
403	13	128
404	13	128
405	13	128
406	13	128
407	13	128
408	13	128
409	12	128
410	12	128
411	13	128
412	12	128
413	12	128
414	12	128
415	12	128
416	12	128
417	12	128
418	12	128
419	12	128
420	12	128
421	11	128
422	11	128
423	11	128
424	11	128
425	11	128
426	11	128
427	11	128
428	11	128
429	11	128
430	11	128
431	11	128
432	11	128
433	11	128
434	11	128
435	11	128
436	10	128
437	11	128
438	11	129
439	11	128
440	11	128
441	11	128
442	11	128
443	11	128
444	11	128
445	11	128
446	10	128
447	10	128
448	11	128
449	10	128
450	10	128
451	10	128
452	10	128
453	10	128
454	10	128
455	10	128
456	10	128
457	10	128
458	10	128
459	10	128
460	10	128
461	11	128
462	11	128
463	11	128
464	10	128
465	10	128
466	11	128
467	10	128
468	10	128
469	11	128
470	11	128
471	11	128
472	10	128
473	11	128
474	11	128
475	11	128
476	11	128
477	11	128
478	11	128
479	12	128
480	11	128
481	12	128
482	12	128
483	12	127
484	13	127
485	13	127
486	13	127
487	13	127
488	14	127
489	14	128
490	15	127
491	15	128
492	16	128
493	17	127
494	18	128
495	20	128
496	22	128
497	25	128
498	28	128
499	34	128
500	44	127
501	70	128
502	117	128
503	158	128
504	164	128
505	140	128
506	116	128
507	112	128
508	133	127
509	171	128
510	200	128
511	205	127
512	194	128
513	185	127
514	193	128
515	218	128
516	243	128
517	255	128
518	251	128
519	243	128
520	243	128
521	254	128
522	255	128
523	255	128
524	255	128
525	255	128
526	252	128
527	251	128
528	255	128
529	255	128
530	248	128
531	236	128
532	224	128
533	216	128
534	212	127
535	207	128
536	199	128
537	187	128
538	175	128
539	164	127
540	157	128
541	151	128
542	145	128
543	136	128
544	127	128
545	118	128
546	111	127
547	105	128
548	100	128
549	95	128
550	89	128
551	84	128
552	78	128
553	73	128
554	69	128
555	65	128
556	62	128
557	59	128
558	55	128
559	52	128
560	49	128
561	46	127
562	45	128
563	45	128
564	41	128
565	35	128
566	32	128
567	35	128
568	32	128
569	34	128
570	30	128
571	30	128
572	28	128
573	30	128
574	26	128
575	27	128
576	26	128
577	25	128
578	24	128
579	24	128
580	23	128
581	23	128
582	22	128
583	21	128
584	21	128
585	20	128
586	21	128
587	20	128
588	20	128
589	19	128
590	19	128
591	19	128
592	19	128
593	18	128
594	18	128
595	17	128
596	18	128
597	17	128
598	17	128
599	16	128
600	16	128
601	16	128
602	16	128
603	16	128
604	16	128
605	16	128
606	15	128
607	15	128
608	15	128
609	15	128
610	15	127
611	15	128
612	15	128
613	14	128
614	14	128
615	14	128
616	14	128
617	14	128
618	14	128
619	13	128
620	14	128
621	13	128
622	14	128
623	13	128
624	13	128
625	13	128
626	13	128
627	13	128
628	13	128
629	13	128
630	13	128
631	13	128
632	13	128
633	13	128
634	13	128
635	13	128
636	11	128
637	11	128
638	14	127
639	15	128
640	13	128
641	12	128
642	12	128
643	13	128
644	12	128
645	12	128
646	12	127
647	12	128
648	12	128
649	12	128
650	12	128
651	12	128
652	12	127
653	12	128
654	12	128
655	12	127
656	12	128
657	12	128
658	12	128
659	13	128
660	12	127
661	13	128
662	13	128
663	13	128
664	12	128
665	13	128
666	13	128
667	13	128
668	13	128
669	13	128
670	14	128
671	14	128
672	14	128
673	14	128
674	14	128
675	15	128
676	15	128
677	15	128
678	16	128
679	16	128
680	17	128
681	18	128
682	19	128
683	20	128
684	21	128
685	23	128
686	25	128
687	27	128
688	30	128
689	35	128
690	44	128
691	61	128
692	86	128
693	108	128
694	115	128
695	107	128
696	95	128
697	90	128
698	97	128
699	114	128
700	133	128
701	145	128
702	147	128
703	143	128
704	143	128
705	151	128
706	166	128
707	180	128
708	187	128
709	187	128
710	186	128
711	189	128
712	196	128
713	206	128
714	212	128
715	213	128
716	210	128
717	208	128
718	209	128
719	213	128
720	215	128
721	213	128
722	208	128
723	203	128
724	198	128
725	195	128
726	193	128
727	189	128
728	182	128
729	175	128
730	167	128
731	161	128
732	156	128
733	151	128
734	145	128
735	138	128
736	131	128
737	125	128
738	120	128
739	115	128
740	110	128
741	105	128
742	100	128
743	95	128
744	90	128
745	86	128
746	82	128
747	78	128
748	74	128
749	71	128
750	67	128
751	64	128
752	61	128
753	59	128
754	56	128
755	53	128
756	51	128
757	49	128
758	47	128
759	45	128
760	44	128
761	42	128
762	40	128
763	39	128
764	37	128
765	36	128
766	35	128
767	34	128
768	33	128
769	32	128
770	31	128
771	31	128
772	29	128
773	29	128
774	28	128
775	27	128
776	27	128
777	26	128
778	26	128
779	25	128
780	25	128
781	25	128
782	24	128
783	23	128
784	23	128
785	23	128
786	22	128
787	22	128
788	22	128
789	21	128
790	21	128
791	21	128
792	21	128
793	20	128
794	20	128
795	20	128
796	20	128
797	20	128
798	19	128
799	19	128
800	19	128
801	19	128
802	18	128
803	18	128
804	18	128
805	18	128
806	18	128
807	18	128
808	18	128
809	17	128
810	17	128
811	17	128
812	17	128
813	17	128
814	17	128
815	17	128
816	17	128
817	17	128
818	17	128
819	17	128
820	17	128
821	16	127
822	17	128
823	17	128
824	17	128
825	17	128
826	17	128
827	16	128
828	17	128
829	17	128
830	17	128
831	17	128
832	17	128
833	17	128
834	17	128
835	17	128
836	17	128
837	16	128
838	15	128
839	17	128
840	15	128
841	16	128
842	18	128
843	18	128
844	20	128
845	18	128
846	19	128
847	19	128
848	22	128
849	21	127
850	22	128
851	23	128
852	23	128
853	23	128
854	25	128
855	26	128
856	28	128
857	29	128
858	31	128
859	33	128
860	37	128
861	43	128
862	50	128
863	57	128
864	63	128
865	66	128
866	68	128
867	68	128
868	68	128
869	70	128
870	73	128
871	79	128
872	84	128
873	89	127
874	93	128
875	96	127
876	99	128
877	103	128
878	107	127
879	113	128
880	118	128
881	122	128
882	126	128
883	129	128
884	132	128
885	136	127
886	140	128
887	144	127
888	148	128
889	151	127
890	153	128
891	155	128
892	157	128
893	159	127
894	161	127
895	162	127
896	162	127
897	162	128
898	161	127
899	161	128
900	161	127
901	159	127
902	157	128
903	154	127
904	152	127
905	150	127
906	147	127
907	144	127
908	141	127
909	137	127
910	134	128
911	130	127
912	128	128
913	125	128
914	121	127
915	115	127
916	111	128
917	107	128
918	104	127
919	100	127
920	97	128
921	93	128
922	90	127
923	87	128
924	83	128
925	80	127
926	77	128
927	74	128
928	71	128
929	69	128
930	66	128
931	64	128
932	61	128
933	59	128
934	57	128
935	55	128
936	52	128
937	50	128
938	49	128
939	47	128
940	45	128
941	44	128
942	43	128
943	41	128
944	40	128
945	39	128
946	38	128
947	37	128
948	36	128
949	35	128
950	34	128
951	33	128
952	32	128
953	31	128
954	31	128
955	30	128
956	29	128
957	29	128
958	28	128
959	28	128
960	27	128
961	27	128
962	26	128
963	26	128
964	26	128
965	25	128
966	25	128
967	25	128
968	24	128
969	24	128
970	23	128
971	23	128
972	23	128
973	23	128
974	22	128
975	22	128
976	22	128
977	21	128
978	21	128
979	21	128
980	21	128
981	21	128
982	21	128
983	20	128
984	20	128
985	20	128
986	20	128
987	20	128
988	20	128
989	20	128
990	20	128
991	19	128
992	19	128
993	19	128
994	19	128
995	19	128
996	19	128
997	19	128
998	19	128
999	19	128
1000	19	128
1001	19	128
1002	19	128
1003	19	128
1004	19	128
1005	19	128
1006	19	128
1007	19	128
1008	19	128
1009	19	128
1010	20	128
1011	20	128
1012	20	128
1013	20	128
1014	20	128
1015	20	128
1016	21	128
1017	21	128
1018	21	128
1019	21	128
1020	21	128
1021	22	128
1022	23	128
1023	11	127
1024	20	128
1025	25	129
1026	30	128
1027	21	128
1028	25	128
1029	31	128
1030	28	128
1031	27	127
1032	34	128
1033	36	128
1034	35	128
1035	39	128
1036	46	128
1037	47	128
1038	49	128
1039	55	128
1040	57	128
1041	56	128
1042	58	128
1043	61	128
1044	61	128
1045	63	128
1046	68	128
1047	71	128
1048	74	128
1049	77	128
1050	81	128
1051	83	128
1052	85	128
1053	89	128
1054	91	128
1055	93	128
1056	97	128
1057	99	128
1058	102	128
1059	103	128
1060	105	128
1061	107	129
1062	109	128
1063	111	128
1064	113	128
1065	114	128
1066	115	128
1067	115	128
1068	116	128
1069	116	128
1070	116	128
1071	115	128
1072	113	128
1073	112	128
1074	111	128
1075	109	128
1076	106	128
1077	104	128
1078	101	128
1079	98	128
1080	95	128
1081	93	128
1082	90	128
1083	87	128
1084	84	128
1085	81	128
1086	77	128
1087	74	128
1088	71	128
1089	67	128
1090	64	128
1091	60	128
1092	56	128
1093	53	128
1094	51	128
1095	49	128
1096	47	128
1097	45	128
1098	42	128
1099	40	128
1100	38	128
1101	36	128
1102	35	128
1103	33	128
1104	31	128
1105	30	128
1106	29	128
1107	27	128
1108	27	128
1109	25	128
1110	25	128
1111	23	128
1112	21	128
1113	17	128
1114	20	128
1115	21	128
1116	20	128
1117	19	128
1118	18	128
1119	19	128
1120	17	128
1121	17	128
1122	16	128
1123	18	128
1124	16	128
1125	17	129
1126	16	128
1127	16	128
1128	15	128
1129	16	128
1130	14	128
1131	15	128
1132	14	128
1133	15	128
1134	14	128
1135	14	128
1136	13	128
1137	14	128
1138	13	128
1139	13	128
1140	13	128
1141	13	128
1142	13	128
1143	13	128
1144	13	128
1145	13	128
1146	13	128
1147	12	128
1148	12	128
1149	12	128
1150	12	128
1151	12	128
1152	12	128
1153	12	128
1154	11	128
1155	11	128
1156	11	128
1157	11	128
1158	11	128
1159	11	128
1160	11	128
1161	11	128
1162	11	128
1163	11	128
1164	11	128
1165	11	128
1166	11	128
1167	11	128
1168	11	128
1169	11	128
1170	10	128
1171	10	128
1172	10	128
1173	11	128
1174	10	128
1175	10	128
1176	10	128
1177	10	128
1178	10	128
1179	10	128
1180	10	128
1181	9	128
1182	10	128
1183	10	128
1184	10	128
1185	11	128
1186	11	128
1187	12	128
1188	10	128
1189	10	128
1190	9	128
1191	9	128
1192	9	128
1193	9	128
1194	9	128
1195	10	128
1196	10	128
1197	10	128
1198	10	128
1199	10	128
1200	10	128
1201	10	128
1202	9	128
1203	10	128
1204	10	128
1205	10	128
1206	10	128
1207	9	128
1208	9	128
1209	10	128
1210	10	128
1211	9	128
1212	9	128
1213	10	128
1214	10	128
1215	10	128
1216	9	128
1217	10	128
1218	9	128
1219	9	128
1220	9	128
1221	10	128
1222	9	128
1223	9	128
1224	9	128
1225	9	128
1226	9	127
1227	9	128
1228	9	128
1229	9	128
1230	10	128
1231	9	128
1232	9	128
1233	9	127
1234	9	128
1235	9	128
1236	9	128
1237	9	128
1238	9	128
1239	9	128
1240	9	127
1241	9	128
1242	9	128
1243	9	128
1244	9	128
1245	9	128
1246	9	128
1247	9	128
1248	9	128
1249	9	128
1250	9	128
1251	9	128
1252	9	127
1253	9	128
1254	9	128
1255	9	128
1256	9	128
1257	9	128
1258	9	128
1259	9	128
1260	9	128
1261	9	128
1262	9	128
1263	9	128
1264	9	128
1265	9	128
1266	9	128
1267	9	128
1268	9	128
1269	9	128
1270	9	128
1271	9	128
1272	9	128
1273	9	128
1274	9	128
1275	9	128
1276	9	128
1277	9	128
1278	9	128
1279	9	128
1280	9	128
1281	9	128
1282	9	128
1283	9	128
1284	9	128
1285	10	128
1286	9	128
1287	9	128
1288	9	128
1289	9	128
1290	9	128
1291	9	128
1292	9	128
1293	9	128
1294	9	128
1295	9	128
1296	9	128
1297	9	128
1298	9	128
1299	9	128
1300	9	128
1301	9	128
1302	9	128
1303	9	128
1304	9	128
1305	9	128
1306	9	128
1307	9	128
1308	9	128
1309	9	128
1310	9	128
1311	9	128
1312	9	128
1313	9	128
1314	9	128
1315	10	128
1316	9	128
1317	9	128
1318	9	128
1319	9	128
1320	9	128
1321	9	128
1322	9	128
1323	9	128
1324	9	128
1325	9	128
1326	9	128
1327	9	128
1328	9	128
1329	9	128
1330	9	128
1331	9	128
1332	9	128
1333	9	128
1334	9	128
1335	9	128
1336	9	128
1337	9	128
1338	9	128
1339	9	128
1340	9	128
1341	9	128
1342	9	128
1343	9	128
1344	9	128
1345	9	128
1346	9	128
1347	9	128
1348	9	128
1349	9	128
1350	9	128
1351	9	128
1352	9	128
1353	9	128
1354	9	128
1355	9	128
1356	9	128
1357	9	128
1358	9	128
1359	9	128
1360	9	128
1361	9	128
1362	9	128
1363	9	128
1364	9	128
1365	9	128
1366	9	128
1367	9	128
1368	9	128
1369	9	128
1370	9	128
1371	9	127
1372	9	128
1373	9	128
1374	9	128
1375	9	128
1376	9	128
1377	9	128
1378	9	128
1379	9	128
1380	9	128
1381	9	128
1382	9	128
1383	9	128
1384	9	128
1385	10	128
1386	10	128
1387	9	128
1388	3	128
1389	10	128
1390	11	128
1391	12	128
1392	8	128
1393	9	128
1394	8	128
1395	10	128
1396	9	128
1397	9	128
1398	10	128
1399	9	128
1400	9	128
1401	9	128
1402	9	128
1403	8	128
1404	10	128
1405	9	128
1406	10	128
1407	9	128
1408	10	128
1409	9	128
1410	9	128
1411	9	128
1412	9	128
1413	9	128
1414	9	128
1415	9	128
1416	9	128
1417	9	128
1418	9	128
1419	9	128
1420	9	128
1421	9	128
1422	9	127
1423	9	128
1424	9	128
1425	9	128
1426	9	128
1427	9	128
1428	9	128
1429	9	128
1430	9	128
1431	9	128
1432	9	128
1433	9	128
1434	9	128
1435	9	128
1436	8	128
1437	8	128
1438	8	128
1439	8	128
1440	8	128
1441	9	128
1442	9	128
1443	9	128
1444	9	128
1445	9	128
1446	9	128
1447	9	128
1448	9	128
1449	9	128
1450	9	128
1451	9	128
1452	9	128
1453	9	128
1454	9	128
1455	9	128
1456	9	128
1457	9	128
1458	9	128
1459	10	128
1460	11	128
1461	11	128
1462	11	128
1463	8	128
1464	9	128
1465	9	128
1466	10	128
1467	9	128
1468	9	128
1469	10	128
1470	10	128
1471	10	128
1472	10	128
1473	10	128
1474	10	128
1475	10	128
1476	10	128
1477	10	128
1478	10	128
1479	10	128
1480	10	128
1481	10	128
1482	9	128
1483	10	128
1484	10	128
1485	10	127
1486	10	128
1487	9	127
1488	10	128
1489	10	127
1490	10	128
1491	10	128
1492	10	128
1493	10	128
1494	10	128
1495	10	128
1496	10	128
1497	10	128
1498	10	128
1499	10	128
1500	10	128
1501	10	128
1502	10	128
1503	10	128
1504	10	128
1505	10	128
1506	10	128
1507	10	128
1508	10	128
1509	10	128
1510	10	128
1511	10	128
1512	10	128
1513	10	128
1514	9	128
1515	9	128
1516	10	128
1517	10	128
1518	10	128
1519	10	128
1520	10	128
1521	9	128
1522	10	128
1523	9	128
1524	10	128
1525	9	128
1526	9	127
1527	9	128
1528	9	128
1529	9	128
1530	9	128
1531	9	128
1532	10	128
1533	9	128
1534	9	128
1535	9	128
1536	9	128
1537	9	128
1538	9	128
1539	9	128
1540	9	128
1541	9	128
1542	9	128
1543	9	128
1544	9	128
1545	9	128
1546	9	128
1547	9	128
1548	9	128
1549	9	128
1550	9	128
1551	10	127
1552	9	128
1553	9	128
1554	9	127
1555	9	128
1556	9	128
1557	9	128
1558	9	128
1559	9	128
1560	9	128
1561	9	128
1562	9	128
1563	9	128
1564	9	128
1565	9	128
1566	9	128
1567	9	128
1568	9	128
1569	9	128
1570	9	128
1571	9	128
1572	9	128
1573	9	128
1574	9	128
1575	9	128
1576	9	128
1577	9	128
1578	9	128
1579	9	128
1580	9	128
1581	9	128
1582	9	128
1583	9	128
1584	9	128
1585	9	128
1586	9	128
1587	9	128
1588	9	128
1589	9	128
1590	9	128
1591	9	128
1592	9	128
1593	9	128
1594	9	128
1595	9	128
1596	9	128
1597	9	128
1598	9	128
1599	9	128
1600	9	128
1601	9	128
1602	9	128
1603	9	128
1604	9	128
1605	9	128
1606	9	128
1607	9	128
1608	9	128
1609	9	127
1610	9	128
1611	9	127
1612	9	128
1613	9	128
1614	10	128
1615	9	128
1616	9	128
1617	9	128
1618	9	128
1619	9	128
1620	9	128
1621	9	128
1622	9	128
1623	9	128
1624	9	128
1625	9	128
1626	9	128
1627	9	128
1628	9	127
1629	9	127
1630	9	128
1631	10	128
1632	9	127
1633	9	128
1634	9	128
1635	9	128
1636	9	127
1637	9	128
1638	9	128
1639	9	128
1640	9	128
1641	9	128
1642	9	127
1643	9	128
1644	9	127
1645	9	128
1646	9	128
1647	9	128
1648	10	128
1649	9	128
1650	10	128
1651	9	128
1652	9	127
1653	9	128
1654	9	128
1655	9	128
1656	9	128
1657	9	128
1658	10	128
1659	9	128
1660	9	128
1661	11	128
1662	11	128
1663	7	128
1664	13	128
1665	12	128
1666	13	128
1667	8	127
1668	11	127
1669	8	128
1670	11	128
1671	10	128
1672	10	128
1673	9	127
1674	9	128
1675	10	127
1676	9	128
1677	9	128
1678	9	128
1679	10	128
1680	9	128
1681	10	128
1682	9	128
1683	10	128
1684	9	128
1685	10	128
1686	9	128
1687	10	128
1688	9	128
1689	10	128
1690	9	128
1691	9	128
1692	9	128
1693	10	128
1694	9	128
1695	10	128
1696	9	128
1697	10	128
1698	9	128
1699	9	128
1700	9	128
1701	9	128
1702	9	128
1703	9	128
1704	10	128
1705	9	128
1706	9	128
1707	9	128
1708	9	128
1709	9	128
1710	9	128
1711	9	128
1712	10	128
1713	9	128
1714	10	128
1715	9	128
1716	10	128
1717	10	128
1718	9	128
1719	10	128
1720	9	128
1721	10	128
1722	10	128
1723	9	128
1724	10	128
1725	9	128
1726	10	128
1727	9	128
1728	9	128
1729	10	128
1730	10	128
1731	10	128
1732	9	128
1733	9	128
1734	9	128
1735	10	128
1736	10	128
1737	7	128
1738	7	128
1739	9	128
1740	9	128
1741	10	127
1742	9	128
1743	10	128
1744	10	128
1745	10	128
1746	9	128
1747	10	128
1748	10	128
1749	9	128
1750	9	128
1751	10	128
1752	9	128
1753	9	128
1754	9	128
1755	10	128
1756	9	128
1757	9	128
1758	9	128
1759	8	128
1760	9	128
1761	10	128
1762	9	128
1763	9	128
1764	10	128
1765	9	128
1766	10	128
1767	9	128
1768	9	128
1769	10	128
1770	10	128
1771	9	128
1772	9	128
1773	10	128
1774	10	128
1775	10	128
1776	9	128
1777	10	128
1778	10	128
1779	9	128
1780	10	128
1781	10	128
1782	10	128
1783	10	128
1784	10	128
1785	10	128
1786	10	128
1787	10	128
1788	10	128
1789	9	128
1790	10	128
1791	10	128
1792	10	128
1793	9	128
1794	9	128
1795	10	128
1796	10	128
1797	10	128
1798	10	128
1799	9	128
1800	9	128
1801	10	128
1802	10	128
1803	10	128
1804	10	128
1805	10	128
1806	10	128
1807	10	128
1808	10	128
1809	10	128
1810	10	128
1811	10	128
1812	10	128
1813	10	128
1814	10	128
1815	10	128
1816	10	128
1817	10	128
1818	10	128
1819	10	128
1820	10	128
1821	10	128
1822	10	128
1823	10	128
1824	10	128
1825	10	128
1826	10	128
1827	10	128
1828	9	128
1829	10	128
1830	10	128
1831	9	128
1832	10	128
1833	10	128
1834	9	128
1835	10	128
1836	9	127
1837	10	128
1838	10	128
1839	10	128
1840	10	128
1841	10	128
1842	10	128
1843	10	128
1844	10	128
1845	10	128
1846	10	128
1847	10	128
1848	10	128
1849	10	128
1850	9	128
1851	9	127
1852	10	128
1853	9	128
1854	10	128
1855	10	127
1856	9	128
1857	10	127
1858	9	127
1859	10	128
1860	10	128
1861	9	128
1862	10	128
1863	9	128
1864	10	128
1865	9	128
1866	9	128
1867	10	128
1868	9	128
1869	10	128
1870	10	128
1871	10	128
1872	10	127
1873	10	127
1874	10	128
1875	10	128
1876	10	127
1877	10	128
1878	10	128
1879	10	128
1880	10	128
1881	10	128
1882	10	128
1883	10	128
1884	11	127
1885	10	128
1886	11	127
1887	11	128
1888	11	128
1889	11	128
1890	12	128
1891	12	128
1892	12	128
1893	13	127
1894	14	127
1895	15	127
1896	17	127
1897	19	127
1898	22	127
1899	28	127
1900	39	127
1901	76	127
1902	185	127
1903	255	127
1904	255	127
1905	255	128
1906	255	128
1907	255	128
1908	255	128
1909	255	128
1910	255	128
1911	255	128
1912	255	128
1913	255	128
1914	255	128
1915	255	128
1916	255	128
1917	255	128
1918	255	128
1919	255	128
1920	255	128
1921	255	128
1922	255	128
1923	255	128
1924	255	128
1925	255	128
1926	252	128
1927	230	128
1928	214	127
1929	194	127
1930	170	127
1931	146	127
1932	126	127
1933	113	127
1934	105	127
1935	97	127
1936	91	127
1937	85	127
1938	73	128
1939	64	127
1940	54	127
1941	52	127
1942	45	127
1943	45	127
1944	39	127
1945	38	128
1946	35	127
1947	33	127
1948	29	127
1949	29	127
1950	27	128
1951	26	127
1952	25	127
1953	24	128
1954	23	128
1955	23	127
1956	22	127
1957	21	127
1958	21	128
1959	19	128
1960	20	128
1961	19	128
1962	19	128
1963	18	128
1964	18	128
1965	17	128
1966	17	128
1967	16	128
1968	16	128
1969	16	128
1970	16	127
1971	15	128
1972	15	128
1973	15	128
1974	15	128
1975	14	128
1976	14	127
1977	14	128
1978	14	128
1979	14	127
1980	13	128
1981	13	128
1982	13	128
1983	13	128
1984	13	128
1985	13	128
1986	13	128
1987	13	128
1988	12	128
1989	12	128
1990	12	127
1991	12	128
1992	12	128
1993	12	128
1994	12	128
1995	11	128
1996	11	128
1997	11	128
1998	11	128
1999	11	128
2000	11	128
2001	11	128
2002	11	128
2003	11	128
2004	11	128
2005	10	128
2006	11	128
2007	11	128
2008	10	128
2009	10	128
2010	10	128
2011	8	128
2012	8	128
2013	10	128
2014	10	128
2015	11	128
2016	11	128
2017	10	128
2018	11	128
2019	11	128
2020	11	128
2021	10	128
2022	10	128
2023	10	128
2024	10	128
2025	10	128
2026	10	128
2027	9	128
2028	10	128
2029	10	128
2030	10	128
2031	10	128
2032	10	128
2033	10	128
2034	8	128
2035	10	128
2036	11	127
2037	10	128
2038	9	128
2039	10	128
2040	10	128
2041	10	128
2042	9	128
2043	10	128
2044	9	128
2045	10	127
2046	10	128
2047	9	128
2048	10	128
2049	9	128
2050	10	128
2051	10	128
2052	10	128
2053	10	128
2054	10	127
2055	9	128
2056	10	128
2057	10	128
2058	10	128
2059	10	128
2060	10	128
2061	10	128
2062	10	127
2063	10	128
2064	10	128
2065	9	128
2066	10	128
2067	10	128
2068	10	128
2069	10	128
2070	10	128
2071	10	128
2072	10	128
2073	10	127
2074	10	128
2075	10	128
2076	10	128
2077	10	128
2078	10	128
2079	10	128
2080	10	128
2081	10	128
2082	10	128
2083	10	128
2084	10	128
2085	10	128
2086	10	128
2087	10	128
2088	10	128
2089	10	128
2090	10	128
2091	10	128
2092	10	128
2093	10	128
2094	10	128
2095	10	128
2096	10	128
2097	11	128
2098	10	128
2099	11	128
2100	11	128
2101	11	128
2102	11	128
2103	11	128
2104	11	128
2105	11	128
2106	12	128
2107	12	128
2108	13	128
2109	13	127
2110	14	127
2111	14	128
2112	15	128
2113	16	128
2114	17	128
2115	19	128
2116	21	128
2117	24	128
2118	29	128
2119	38	128
2120	61	128
2121	127	128
2122	213	128
2123	250	128
2124	225	128
2125	180	128
2126	162	128
2127	192	128
2128	252	128
2129	255	128
2130	255	128
2131	255	128
2132	255	128
2133	255	128
2134	255	128
2135	255	128
2136	255	128
2137	255	128
2138	255	128
2139	255	128
2140	255	128
2141	255	128
2142	255	128
2143	255	128
2144	241	128
2145	220	128
2146	211	128
2147	210	128
2148	205	128
2149	192	128
2150	172	128
2151	155	128
2152	144	127
2153	139	128
2154	136	127
2155	130	127
2156	120	127
2157	109	128
2158	99	127
2159	93	127
2160	88	128
2161	85	127
2162	81	128
2163	76	128
2164	71	128
2165	67	127
2166	62	127
2167	59	127
2168	56	128
2169	54	128
2170	51	128
2171	49	128
2172	47	128
2173	44	128
2174	42	128
2175	40	128
2176	39	128
2177	37	128
2178	36	128
2179	35	128
2180	34	128
2181	33	128
2182	31	128
2183	31	128
2184	30	128
2185	29	128
2186	28	128
2187	27	128
2188	27	128
2189	27	128
2190	26	128
2191	25	128
2192	25	128
2193	25	128
2194	24	128
2195	23	128
2196	23	128
2197	23	128
2198	22	128
2199	22	128
2200	22	128
2201	21	128
2202	21	128
2203	21	128
2204	20	128
2205	20	128
2206	20	128
2207	19	128
2208	20	128
2209	19	128
2210	18	128
2211	19	128
2212	22	128
2213	20	128
2214	16	128
2215	14	127
2216	18	128
2217	17	128
2218	20	128
2219	16	128
2220	18	128
2221	17	128
2222	19	128
2223	16	128
2224	18	128
2225	17	128
2226	17	128
2227	17	128
2228	17	128
2229	16	128
2230	17	128
2231	17	128
2232	17	128
2233	17	128
2234	17	128
2235	16	128
2236	17	128
2237	17	128
2238	17	128
2239	17	128
2240	17	128
2241	17	128
2242	17	128
2243	17	128
2244	17	128
2245	18	128
2246	17	128
2247	17	128
2248	18	128
2249	18	128
2250	18	128
2251	18	128
2252	18	128
2253	19	128
2254	19	128
2255	20	128
2256	20	128
2257	20	128
2258	21	128
2259	22	128
2260	23	128
2261	23	128
2262	24	127
2263	25	128
2264	26	127
2265	27	127
2266	29	128
2267	31	128
2268	34	128
2269	38	128
2270	43	128
2271	50	128
2272	57	127
2273	63	128
2274	67	128
2275	67	127
2276	68	128
2277	68	128
2278	70	127
2279	74	127
2280	79	128
2281	84	128
2282	89	128
2283	93	127
2284	96	128
2285	98	128
2286	100	127
2287	107	128
2288	113	128
2289	118	128
2290	121	128
2291	124	128
2292	128	128
2293	131	128
2294	135	128
2295	138	128
2296	141	128
2297	145	128
2298	148	128
2299	150	128
2300	152	128
2301	154	128
2302	155	128
2303	157	128
2304	157	128
2305	159	128
2306	158	128
2307	158	128
2308	157	128
2309	155	128
2310	155	128
2311	154	128
2312	152	128
2313	149	128
2314	146	128
2315	143	128
2316	141	128
2317	137	128
2318	135	128
2319	131	128
2320	128	128
2321	123	128
2322	120	128
2323	117	128
2324	113	128
2325	109	128
2326	106	127
2327	103	128
2328	99	128
2329	96	128
2330	92	128
2331	89	128
2332	86	128
2333	83	128
2334	79	128
2335	76	128
2336	74	128
2337	71	128
2338	68	128
2339	66	128
2340	63	128
2341	61	128
2342	59	128
2343	57	128
2344	55	128
2345	53	128
2346	51	128
2347	49	128
2348	47	128
2349	46	128
2350	44	128
2351	43	128
2352	41	128
2353	40	128
2354	39	128
2355	38	128
2356	37	128
2357	36	128
2358	35	128
2359	34	128
2360	33	128
2361	32	128
2362	31	128
2363	31	128
2364	30	128
2365	29	128
2366	29	128
2367	28	128
2368	28	128
2369	27	128
2370	27	128
2371	27	128
2372	26	128
2373	26	128
2374	26	128
2375	25	128
2376	25	128
2377	24	128
2378	24	128
2379	23	128
2380	23	128
2381	23	128
2382	23	128
2383	22	128
2384	22	128
2385	22	128
2386	22	128
2387	21	128
2388	21	128
2389	21	128
2390	21	128
2391	21	128
2392	21	128
2393	20	128
2394	20	128
2395	20	128
2396	20	128
2397	20	127
2398	20	128
2399	20	128
2400	20	127
2401	20	127
2402	19	128
2403	19	127
2404	19	127
2405	19	128
2406	19	128
2407	19	128
2408	19	128
2409	19	128
2410	19	127
2411	19	128
2412	19	128
2413	19	128
2414	19	128
2415	19	128
2416	20	128
2417	19	128
2418	20	128
2419	20	128
2420	20	128
2421	20	128
2422	20	128
2423	20	128
2424	21	128
2425	21	128
2426	21	128
2427	21	128
2428	22	128
2429	22	128
2430	22	128
2431	23	128
2432	23	128
2433	24	128
2434	25	128
2435	25	128
2436	26	128
2437	27	128
2438	28	128
2439	29	128
2440	31	128
2441	32	128
2442	34	128
2443	37	128
2444	40	128
2445	44	127
2446	48	128
2447	52	128
2448	54	128
2449	56	128
2450	58	128
2451	59	128
2452	60	128
2453	62	128
2454	65	128
2455	68	128
2456	71	127
2457	74	128
2458	78	128
2459	81	128
2460	83	128
2461	86	128
2462	89	128
2463	93	128
2464	96	128
2465	99	128
2466	103	128
2467	106	128
2468	109	128
2469	112	128
2470	115	128
2471	118	128
2472	122	127
2473	124	128
2474	127	128
2475	129	128
2476	131	128
2477	133	128
2478	136	128
2479	138	128
2480	139	128
2481	140	128
2482	141	128
2483	142	128
2484	143	128
2485	143	128
2486	143	128
2487	141	128
2488	141	128
2489	138	128
2490	136	128
2491	138	128
2492	136	128
2493	136	128
2494	133	128
2495	131	128
2496	128	128
2497	127	128
2498	123	128
2499	121	128
2500	119	128
2501	116	128
2502	112	128
2503	110	128
2504	106	128
2505	104	128
2506	101	128
2507	99	128
2508	96	128
2509	93	128
2510	90	128
2511	87	128
2512	85	128
2513	83	128
2514	80	128
2515	77	128
2516	75	128
2517	72	128
2518	70	128
2519	68	128
2520	66	128
2521	64	128
2522	62	128
2523	59	128
2524	58	128
2525	56	128
2526	55	128
2527	53	128
2528	52	128
2529	50	128
2530	49	128
2531	47	128
2532	46	128
2533	45	128
2534	44	128
2535	43	128
2536	41	128
2537	41	128
2538	40	127
2539	39	128
2540	38	128
2541	38	128
2542	37	128
2543	36	128
2544	35	128
2545	35	128
2546	34	128
2547	33	128
2548	33	128
2549	33	128
2550	32	128
2551	32	128
2552	31	128
2553	31	128
2554	30	128
2555	30	128
2556	30	128
2557	29	128
2558	29	128
2559	29	128
2560	28	128
2561	29	128
2562	30	128
2563	29	128
2564	28	128
2565	27	128
2566	27	128
2567	27	128
2568	27	128
2569	27	128
2570	27	127
2571	27	128
2572	27	128
2573	26	128
2574	27	128
2575	26	128
2576	26	128
2577	26	128
2578	26	128
2579	27	128
2580	27	128
2581	27	128
2582	27	128
2583	28	128
2584	27	128
2585	27	128
2586	27	128
2587	28	128
2588	27	128
2589	28	128
2590	28	127
2591	29	128
2592	29	127
2593	29	128
2594	30	128
2595	31	128
2596	31	128
2597	32	128
2598	32	128
2599	33	128
2600	34	128
2601	35	128
2602	36	128
2603	37	128
2604	38	128
2605	39	128
2606	41	128
2607	42	128
2608	44	128
2609	45	128
2610	46	127
2611	47	128
2612	49	128
2613	50	127
2614	51	127
2615	52	128
2616	54	128
2617	55	128
2618	57	128
2619	59	128
2620	61	128
2621	62	127
2622	64	128
2623	66	127
2624	68	127
2625	70	128
2626	72	128
2627	75	127
2628	76	128
2629	78	127
2630	80	128
2631	82	127
2632	84	127
2633	86	128
2634	88	128
2635	90	128
2636	92	127
2637	94	128
2638	96	128
2639	97	128
2640	100	127
2641	101	128
2642	103	128
2643	105	128
2644	106	128
2645	108	128
2646	109	128
2647	110	128
2648	111	128
2649	112	128
2650	112	128
2651	113	127
2652	113	127
2653	113	128
2654	113	127
2655	113	128
2656	113	128
2657	113	128
2658	112	128
2659	112	128
2660	111	127
2661	110	128
2662	109	128
2663	108	128
2664	107	128
2665	105	128
2666	103	128
2667	102	128
2668	100	128
2669	98	128
2670	97	128
2671	95	128
2672	93	128
2673	91	128
2674	89	128
2675	88	128
2676	86	128
2677	84	128
2678	82	128
2679	80	128
2680	78	128
2681	77	128
2682	75	128
2683	73	128
2684	71	128
2685	69	128
2686	67	128
2687	66	128
2688	64	128
2689	63	128
2690	61	128
2691	60	128
2692	58	128
2693	57	128
2694	56	128
2695	55	127
2696	53	128
2697	52	128
2698	51	128
2699	50	128
2700	49	128
2701	47	128
2702	47	127
2703	46	128
2704	45	128
2705	44	128
2706	43	128
2707	42	128
2708	41	128
2709	41	128
2710	40	128
2711	39	128
2712	39	128
2713	39	128
2714	38	128
2715	37	128
2716	37	128
2717	36	128
2718	36	128
2719	35	128
2720	35	128
2721	34	128
2722	34	128
2723	33	128
2724	33	128
2725	33	128
2726	32	128
2727	32	128
2728	32	127
2729	32	128
2730	31	127
2731	31	128
2732	31	128
2733	31	127
2734	31	127
2735	31	127
2736	31	127
2737	31	127
2738	30	128
2739	30	128
2740	30	127
2741	30	128
2742	30	127
2743	30	128
2744	30	128
2745	30	128
2746	31	127
2747	31	128
2748	31	128
2749	31	128
2750	31	128
2751	31	128
2752	31	128
2753	32	128
2754	31	128
2755	32	128
2756	32	128
2757	32	128
2758	33	128
2759	33	128
2760	33	127
2761	32	127
2762	28	128
2763	34	128
2764	36	128
2765	37	128
2766	37	127
2767	37	128
2768	38	128
2769	39	128
2770	39	128
2771	40	128
2772	42	128
2773	42	128
2774	44	128
2775	44	128
2776	46	128
2777	46	128
2778	48	128
2779	48	128
2780	50	128
2781	50	128
2782	52	128
2783	53	127
2784	55	128
2785	55	128
2786	57	128
2787	58	128
2788	60	128
2789	61	128
2790	62	128
2791	63	128
2792	65	128
2793	67	128
2794	69	128
2795	71	128
2796	72	128
2797	73	128
2798	75	128
2799	76	128
2800	78	128
2801	79	128
2802	81	128
2803	83	128
2804	85	128
2805	86	128
2806	87	128
2807	89	128
2808	90	128
2809	91	128
2810	93	128
2811	94	128
2812	95	128
2813	97	128
2814	97	128
2815	99	128
2816	99	128
2817	100	128
2818	101	128
2819	101	128
2820	102	127
2821	102	128
2822	103	128
2823	103	128
2824	103	128
2825	103	127
2826	103	128
2827	102	128
2828	101	128
2829	101	128
2830	100	128
2831	100	128
2832	99	128
2833	99	128
2834	99	128
2835	97	128
2836	97	128
2837	95	128
2838	93	127
2839	91	128
2840	90	128
2841	85	127
2842	78	128
2843	85	128
2844	91	129
2845	79	127
2846	78	127
2847	83	127
2848	80	127
2849	74	127
2850	77	127
2851	79	127
2852	73	127
2853	71	127
2854	73	128
2855	70	128
2856	65	127
2857	66	128
2858	67	128
2859	63	127
2860	61	128
2861	61	128
2862	59	128
2863	57	128
2864	58	128
2865	57	128
2866	55	128
2867	54	128
2868	54	128
2869	52	128
2870	51	128
2871	51	128
2872	50	128
2873	48	128
2874	47	128
2875	46	128
2876	44	128
2877	43	128
2878	42	128
2879	41	128
2880	39	128
2881	39	128
2882	38	128
2883	37	128
2884	37	128
2885	37	128
2886	36	128
2887	35	128
2888	35	128
2889	34	128
2890	33	128
2891	32	128
2892	31	128
2893	30	128
2894	29	128
2895	28	128
2896	27	128
2897	27	128
2898	26	128
2899	26	128
2900	25	128
2901	24	128
2902	25	128
2903	25	128
2904	24	128
2905	23	128
2906	22	128
2907	22	128
2908	22	128
2909	21	128
2910	21	128
2911	20	128
2912	20	128
2913	19	128
2914	19	128
2915	18	128
2916	18	128
2917	17	128
2918	18	128
2919	17	128
2920	17	128
2921	17	128
2922	16	128
2923	16	128
2924	15	128
2925	15	128
2926	15	128
2927	15	128
2928	15	127
2929	15	128
2930	14	128
2931	14	128
2932	14	128
2933	14	128
2934	14	128
2935	14	128
2936	13	128
2937	13	128
2938	13	128
2939	13	128
2940	13	128
2941	13	128
2942	12	128
2943	12	127
2944	12	128
2945	12	128
2946	12	127
2947	12	128
2948	12	128
2949	12	128
2950	12	128
2951	11	128
2952	11	128
2953	11	128
2954	11	127
2955	11	128
2956	11	128
2957	10	127
2958	10	128
2959	10	128
2960	11	128
2961	11	128
2962	10	128
2963	10	128
2964	10	128
2965	11	128
2966	10	128
2967	10	128
2968	11	128
2969	10	128
2970	10	128
2971	10	128
2972	10	128
2973	10	128
2974	10	128
2975	10	128
2976	10	128
2977	10	128
2978	10	128
2979	10	128
2980	10	128
2981	10	128
2982	10	128
2983	9	128
2984	10	128
2985	10	128
2986	10	128
2987	9	128
2988	9	128
2989	9	128
2990	9	128
2991	10	128
2992	9	128
2993	10	128
2994	9	128
2995	9	128
2996	9	128
2997	9	128
2998	9	128
2999	10	128
3000	9	128
3001	9	128
3002	9	128
3003	9	128
3004	9	128
3005	9	128
3006	9	128
3007	9	128
3008	9	128
3009	9	128
3010	9	128
3011	9	128
3012	9	128
3013	9	128
3014	9	128
3015	9	128
3016	9	128
3017	9	128
3018	9	128
3019	9	128
3020	9	128
3021	9	128
3022	9	128
3023	9	128
3024	9	128
3025	9	128
3026	9	128
3027	9	128
3028	9	128
3029	9	128
3030	9	128
3031	9	128
3032	9	128
3033	9	128
3034	9	128
3035	10	128
3036	9	128
3037	4	128
3038	11	128
3039	11	128
3040	13	128
3041	8	128
3042	9	128
3043	8	128
3044	10	128
3045	9	128
3046	9	128
3047	9	128
3048	9	128
3049	9	128
3050	9	128
3051	9	128
3052	8	128
3053	9	128
3054	9	128
3055	10	128
3056	9	128
3057	10	128
3058	9	128
3059	10	128
3060	9	128
3061	10	128
3062	9	128
3063	10	128
3064	9	128
3065	10	128
3066	9	128
3067	10	128
3068	9	128
3069	10	128
3070	9	128
3071	9	128
3072	9	128
3073	9	128
3074	9	128
3075	9	128
3076	9	128
3077	9	127
3078	10	128
3079	9	128
3080	9	127
3081	9	128
3082	9	128
3083	9	128
3084	9	127
3085	9	128
3086	9	128
3087	9	127
3088	9	128
3089	9	128
3090	9	127
3091	9	128
3092	9	128
3093	9	128
3094	9	128
3095	9	128
3096	9	128
3097	9	128
3098	9	128
3099	9	128
3100	9	128
3101	9	128
3102	9	128
3103	9	128
3104	9	128
3105	9	128
3106	9	128
3107	9	128
3108	9	128
3109	10	128
3110	11	128
3111	9	128
3112	7	128
3113	8	128
3114	8	128
3115	9	128
3116	9	128
3117	9	128
3118	9	128
3119	9	128
3120	9	128
3121	9	128
3122	9	128
3123	9	128
3124	9	128
3125	9	128
3126	9	128
3127	9	128
3128	9	128
3129	9	128
3130	9	128
3131	9	128
3132	8	128
3133	8	128
3134	9	128
3135	9	128
3136	8	128
3137	9	128
3138	9	128
3139	9	128
3140	9	128
3141	9	128
3142	9	128
3143	9	128
3144	9	128
3145	9	128
3146	9	128
3147	9	128
3148	9	127
3149	9	128
3150	9	128
3151	9	128
3152	9	128
3153	9	128
3154	9	128
3155	9	128
3156	9	128
3157	9	128
3158	9	128
3159	9	128
3160	9	128
3161	9	128
3162	9	128
3163	9	128
3164	9	128
3165	9	128
3166	9	128
3167	9	128
3168	9	128
3169	9	128
3170	9	128
3171	9	128
3172	9	128
3173	9	128
3174	9	128
3175	9	128
3176	9	128
3177	9	128
3178	9	128
3179	9	128
3180	9	128
3181	9	128
3182	9	128
3183	9	128
3184	9	128
3185	9	128
3186	9	128
3187	9	128
3188	9	128
3189	9	128
3190	9	128
3191	9	128
3192	9	128
3193	9	128
3194	9	128
3195	9	128
3196	9	128
3197	9	128
3198	9	128
3199	9	128
3200	9	128
3201	9	128
3202	9	128
3203	9	128
3204	9	128
3205	9	128
3206	9	128
3207	9	128
3208	9	128
3209	9	128
3210	9	128
3211	9	128
3212	9	128
3213	9	128
3214	9	128
3215	9	128
3216	9	128
3217	9	128
3218	9	128
3219	9	128
3220	9	128
3221	9	128
3222	9	128
3223	9	128
3224	9	128
3225	9	128
3226	9	128
3227	9	128
3228	9	128
3229	9	128
3230	9	128
3231	9	128
3232	9	128
3233	9	127
3234	9	128
3235	9	128
3236	9	128
3237	9	128
3238	9	127
3239	9	128
3240	9	128
3241	9	127
3242	9	128
3243	9	128
3244	9	128
3245	9	128
3246	9	128
3247	9	128
3248	9	128
3249	9	128
3250	9	128
3251	10	128
3252	9	128
3253	9	128
3254	9	128
3255	8	128
3256	8	128
3257	8	128
3258	8	128
3259	9	128
3260	9	128
3261	9	128
3262	9	128
3263	10	128
3264	10	128
3265	10	128
3266	10	128
3267	10	128
3268	10	128
3269	9	128
3270	9	128
3271	9	128
3272	9	128
3273	9	128
3274	9	128
3275	9	128
3276	10	128
3277	10	128
3278	10	128
3279	10	128
3280	9	128
3281	9	128
3282	10	128
3283	10	128
3284	10	128
3285	10	128
3286	10	128
3287	9	128
3288	10	128
3289	10	128
3290	10	128
3291	10	127
3292	10	128
3293	10	128
3294	10	128
3295	9	128
3296	10	128
3297	10	128
3298	10	128
3299	10	128
3300	10	128
3301	10	128
3302	10	128
3303	10	128
3304	10	128
3305	11	128
3306	10	128
3307	10	128
3308	10	128
3309	10	128
3310	11	128
3311	14	128
3312	10	128
3313	13	128
3314	10	128
3315	13	128
3316	8	128
3317	11	128
3318	9	128
3319	11	128
3320	10	128
3321	11	128
3322	9	128
3323	10	128
3324	10	128
3325	10	128
3326	10	128
3327	9	128
3328	10	128
3329	9	128
3330	10	128
3331	9	128
3332	10	128
3333	9	128
3334	10	128
3335	9	128
3336	10	128
3337	9	128
3338	10	128
3339	9	128
3340	10	128
3341	9	128
3342	10	128
3343	9	128
3344	10	128
3345	9	128
3346	9	128
3347	10	128
3348	9	129
3349	9	128
3350	9	128
3351	9	128
3352	10	128
3353	10	128
3354	9	128
3355	9	128
3356	9	128
3357	9	128
3358	9	128
3359	9	128
3360	9	128
3361	9	128
3362	9	128
3363	9	128
3364	9	128
3365	9	128
3366	9	128
3367	9	128
3368	9	128
3369	9	128
3370	9	128
3371	9	128
3372	9	128
3373	9	128
3374	9	128
3375	9	128
3376	9	128
3377	9	128
3378	9	128
3379	9	128
3380	9	128
3381	9	128
3382	9	128
3383	9	128
3384	10	128
3385	9	128
3386	7	128
3387	7	127
3388	8	128
3389	9	127
3390	9	127
3391	9	127
3392	9	127
3393	9	127
3394	9	128
3395	9	128
3396	9	128
3397	9	127
3398	9	128
3399	9	128
3400	9	128
3401	9	128
3402	9	128
3403	9	128
3404	9	128
3405	9	128
3406	9	128
3407	9	127
3408	8	128
3409	9	128
3410	9	128
3411	9	128
3412	9	128
3413	9	128
3414	9	128
3415	9	128
3416	9	128
3417	9	127
3418	9	128
3419	9	128
3420	9	128
3421	9	128
3422	9	128
3423	9	127
3424	9	128
3425	9	128
3426	9	128
3427	9	128
3428	9	128
3429	9	127
3430	9	128
3431	9	128
3432	9	128
3433	9	128
3434	9	128
3435	9	128
3436	9	128
3437	9	127
3438	9	128
3439	9	128
3440	10	128
3441	9	128
3442	9	128
3443	9	128
3444	9	128
3445	9	128
3446	10	128
3447	9	128
3448	9	128
3449	9	128
3450	9	127
3451	9	127
3452	10	128
3453	10	128
3454	9	128
3455	9	128
3456	10	128
3457	9	128
3458	9	128
3459	10	128
3460	9	128
3461	9	128
3462	9	128
3463	9	127
3464	9	128
3465	10	128
3466	9	127
3467	9	128
3468	10	127
3469	10	128
3470	9	128
3471	9	128
3472	9	128
3473	9	128
3474	9	128
3475	9	128
3476	9	128
3477	9	128
3478	9	127
3479	9	128
3480	9	127
3481	9	127
3482	9	128
3483	10	128
3484	9	127
3485	9	128
3486	9	128
3487	9	127
3488	9	128
3489	9	128
3490	10	127
3491	10	128
3492	10	127
3493	9	128
3494	9	128
3495	9	128
3496	9	127
3497	9	127
3498	10	127
3499	9	127
3500	9	127
3501	9	127
3502	9	127
3503	9	128
3504	9	128
3505	10	127
3506	9	128
3507	9	127
3508	9	128
3509	9	128
3510	9	128
3511	9	128
3512	9	127
3513	9	127
3514	9	128
3515	9	127
3516	9	128
3517	9	128
3518	9	128
3519	9	128
3520	9	128
3521	9	128
3522	9	128
3523	9	128
3524	9	128
3525	9	128
3526	9	128
3527	9	128
3528	9	128
3529	9	128
3530	9	128
3531	10	128
3532	10	128
3533	9	128
3534	10	128
3535	9	128
3536	9	128
3537	9	128
3538	9	128
3539	9	127
3540	9	128
3541	9	128
3542	9	128
3543	9	128
3544	10	128
3545	10	128
3546	9	127
3547	9	127
3548	9	128
3549	9	128
3550	9	128
3551	9	128
3552	9	128
3553	9	128
3554	9	128
3555	9	127
3556	9	128
3557	9	128
3558	9	128
3559	10	128
3560	9	128
3561	9	128
3562	9	128
3563	10	128
3564	10	128
3565	9	127
3566	10	128
3567	9	128
3568	9	128
3569	9	128
3570	9	128
3571	9	128
3572	10	128
3573	10	128
3574	9	128
3575	10	128
3576	10	128
3577	10	128
3578	10	128
3579	10	128
3580	10	128
3581	10	128
3582	10	128
3583	9	128
3584	9	128
3585	11	128
3586	14	128
3587	13	128
3588	11	128
3589	7	128
3590	11	128
3591	8	128
3592	12	128
3593	9	128
3594	11	128
3595	10	128
3596	11	128
3597	9	127
3598	10	128
3599	10	127
3600	10	128
3601	9	128
3602	9	128
3603	9	128
3604	10	128
3605	10	128
3606	9	128
3607	10	128
3608	9	128
3609	10	128
3610	9	128
3611	10	127
3612	9	128
3613	10	128
3614	10	128
3615	10	127
3616	9	128
3617	9	128
3618	9	127
3619	9	128
3620	9	128
3621	10	128
3622	9	128
3623	9	128
3624	9	128
3625	9	128
3626	9	128
3627	9	128
3628	10	128
3629	10	128
3630	9	128
3631	10	128
3632	9	128
3633	9	128
3634	10	128
3635	9	128
3636	9	128
3637	10	128
3638	10	128
3639	10	128
3640	10	128
3641	9	128
3642	10	128
3643	10	128
3644	10	128
3645	10	128
3646	10	128
3647	9	128
3648	10	128
3649	10	128
3650	9	128
3651	10	128
3652	10	128
3653	10	128
3654	9	128
3655	9	128
3656	10	128
3657	9	128
3658	9	128
3659	10	128
3660	8	128
3661	7	128
3662	9	128
3663	10	128
3664	10	128
3665	10	128
3666	9	128
3667	10	128
3668	10	128
3669	10	128
3670	10	128
3671	10	128
3672	9	128
3673	10	128
3674	10	128
3675	10	128
3676	10	128
3677	10	128
3678	10	128
3679	10	128
3680	10	128
3681	10	128
3682	10	128
3683	9	128
3684	10	128
3685	11	128
3686	11	128
3687	10	128
3688	10	128
3689	11	128
3690	11	128
3691	11	128
3692	11	128
3693	11	128
3694	12	128
3695	12	128
3696	13	128
3697	14	128
3698	15	128
3699	17	128
3700	19	128
3701	23	128
3702	28	128
3703	39	128
3704	75	128
3705	185	128
3706	255	128
3707	255	128
3708	255	128
3709	255	128
3710	255	128
3711	255	128
3712	255	128
3713	255	128
3714	255	128
3715	255	128
3716	255	128
3717	255	128
3718	255	128
3719	255	128
3720	255	128
3721	255	128
3722	255	128
3723	255	128
3724	255	128
3725	255	128
3726	255	128
3727	255	128
3728	241	128
3729	209	128
3730	193	127
3731	183	127
3732	169	127
3733	148	127
3734	125	128
3735	107	127
3736	96	127
3737	90	127
3738	86	127
3739	80	127
3740	72	128
3741	65	127
3742	57	127
3743	52	127
3744	47	127
3745	44	127
3746	40	128
3747	38	128
3748	36	128
3749	33	128
3750	31	127
3751	30	128
3752	29	127
3753	27	128
3754	26	128
3755	25	127
3756	24	128
3757	24	128
3758	23	128
3759	22	128
3760	21	128
3761	21	128
3762	20	128
3763	20	128
3764	19	128
3765	19	128
3766	18	128
3767	18	128
3768	17	128
3769	17	128
3770	17	128
3771	17	128
3772	16	128
3773	16	128
3774	15	128
3775	15	128
3776	15	128
3777	15	128
3778	15	128
3779	14	128
3780	14	128
3781	14	128
3782	14	128
3783	13	128
3784	14	128
3785	13	128
3786	13	128
3787	13	128
3788	13	128
3789	13	128
3790	12	128
3791	13	128
3792	12	128
3793	13	128
3794	12	128
3795	12	128
3796	12	128
3797	12	128
3798	12	128
3799	12	128
3800	12	128
3801	12	128
3802	11	128
3803	11	128
3804	11	128
3805	11	128
3806	11	128
3807	11	128
3808	11	128
3809	11	128
3810	11	128
3811	11	128
3812	11	128
3813	11	128
3814	10	128
3815	11	128
3816	10	128
3817	10	128
3818	10	128
3819	10	128
3820	10	128
3821	10	128
3822	10	128
3823	10	128
3824	10	128
3825	10	128
3826	10	128
3827	10	128
3828	10	128
3829	10	128
3830	10	128
3831	10	128
3832	9	128
3833	10	128
3834	10	128
3835	10	128
3836	10	128
3837	10	128
3838	10	128
3839	9	128
3840	10	128
3841	10	128
3842	10	128
3843	10	127
3844	10	127
3845	10	127
3846	10	128
3847	10	128
3848	10	127
3849	10	128
3850	9	127
3851	10	127
3852	10	127
3853	9	127
3854	10	127
3855	10	127
3856	9	127
3857	10	128
3858	9	127
3859	9	127
3860	11	127
3861	14	128
3862	13	127
3863	10	127
3864	7	127
3865	11	128
3866	8	127
3867	13	128
3868	9	127
3869	11	127
3870	10	127
3871	11	127
3872	9	127
3873	11	127
3874	10	128
3875	10	128
3876	10	128
3877	10	128
3878	9	128
3879	10	127
3880	10	128
3881	10	128
3882	11	127
3883	10	128
3884	11	128
3885	10	128
3886	11	128
3887	11	128
3888	11	128
3889	11	128
3890	11	128
3891	11	128
3892	11	128
3893	11	128
3894	12	128
3895	12	127
3896	12	128
3897	12	128
3898	13	128
3899	13	128
3900	14	127
3901	14	128
3902	15	128
3903	16	128
3904	17	128
3905	19	128
3906	21	128
3907	23	128
3908	27	128
3909	34	128
3910	47	128
3911	86	128
3912	159	128
3913	212	128
3914	210	128
3915	172	128
3916	142	128
3917	148	128
3918	192	128
3919	246	128
3920	255	128
3921	255	127
3922	252	128
3923	249	128
3924	255	128
3925	255	128
3926	255	128
3927	255	128
3928	255	128
3929	255	128
3930	255	128
3931	255	128
3932	255	128
3933	255	128
3934	255	128
3935	255	128
3936	255	128
3937	255	128
3938	255	128
3939	255	128
3940	235	128
3941	214	128
3942	197	128
3943	187	128
3944	180	128
3945	171	128
3946	157	127
3947	142	127
3948	128	127
3949	118	127
3950	111	127
3951	105	128
3952	99	127
3953	91	128
3954	83	127
3955	75	128
3956	70	128
3957	65	127
3958	60	127
3959	58	127
3960	55	128
3961	51	128
3962	47	128
3963	44	128
3964	41	128
3965	39	128
3966	37	128
3967	35	128
3968	33	128
3969	32	128
3970	30	128
3971	29	128
3972	28	128
3973	27	128
3974	26	127
3975	25	128
3976	25	128
3977	24	128
3978	23	128
3979	23	128
3980	22	128
3981	22	128
3982	21	128
3983	20	128
3984	20	128
3985	19	128
3986	19	128
3987	19	128
3988	19	128
3989	18	128
3990	18	128
3991	17	128
3992	17	128
3993	17	128
3994	17	128
3995	16	128
3996	16	128
3997	16	128
3998	16	128
3999	15	128
4000	15	128
4001	15	128
4002	15	128
4003	15	128
4004	15	128
4005	14	128
4006	14	128
4007	14	128
4008	14	128
4009	14	128
4010	14	128
4011	13	128
4012	13	128
4013	13	128
4014	13	128
4015	13	128
4016	13	128
4017	13	128
4018	13	128
4019	13	128
4020	13	128
4021	13	128
4022	12	128
4023	12	128
4024	12	128
4025	12	128
4026	12	128
4027	12	128
4028	12	128
4029	12	128
4030	12	128
4031	12	128
4032	12	128
4033	12	127
4034	11	128
4035	11	128
4036	11	128
4037	11	128
4038	11	127
4039	11	128
4040	11	128
4041	11	127
4042	11	128
4043	11	128
4044	11	128
4045	11	128
4046	11	128
4047	11	128
4048	11	128
4049	11	128
4050	11	128
4051	11	128
4052	11	128
4053	11	128
4054	11	128
4055	11	128
4056	11	128
4057	11	128
4058	11	128
4059	11	128
4060	11	128
4061	11	128
4062	11	128
4063	11	128
4064	11	128
4065	11	128
4066	11	128
4067	11	128
4068	11	128
4069	11	128
4070	11	128
4071	11	128
4072	11	128
4073	11	128
4074	11	128
4075	11	127
4076	11	128
4077	11	127
4078	12	128
4079	11	128
4080	11	127
4081	12	128
4082	12	128
4083	12	128
4084	12	128
4085	13	128
4086	13	128
4087	13	128
4088	13	128
4089	14	128
4090	14	128
4091	15	128
4092	15	128
4093	15	128
4094	17	128
4095	18	128
