
TIME STEP:
125 = 20us

VOLTAGE STEP:
CH1:  32 = 50mV
CH2:  32 = 15mV
GND	1	128
N	CH1	CH2

0	13	128
1	13	128
2	13	128
3	12	128
4	12	128
5	12	128
6	13	128
7	13	128
8	13	128
9	14	128
10	12	128
11	11	128
12	10	128
13	11	128
14	12	128
15	12	128
16	11	128
17	11	128
18	11	128
19	12	128
20	12	128
21	12	128
22	10	128
23	11	128
24	11	128
25	11	128
26	10	128
27	11	128
28	11	128
29	10	128
30	10	128
31	11	128
32	11	128
33	10	128
34	9	128
35	10	128
36	11	128
37	10	128
38	9	128
39	10	128
40	10	128
41	10	128
42	10	128
43	10	128
44	10	128
45	10	128
46	9	128
47	9	128
48	9	128
49	10	128
50	9	128
51	9	128
52	9	128
53	9	128
54	10	128
55	10	128
56	10	128
57	10	128
58	10	128
59	9	128
60	10	128
61	9	128
62	9	128
63	9	128
64	10	128
65	9	128
66	9	128
67	9	128
68	10	127
69	10	128
70	10	128
71	10	128
72	10	127
73	10	128
74	10	128
75	10	128
76	10	128
77	10	128
78	10	128
79	11	128
80	10	128
81	11	128
82	11	128
83	12	128
84	12	128
85	12	127
86	13	128
87	13	127
88	14	128
89	15	128
90	17	128
91	19	127
92	22	127
93	26	128
94	33	128
95	50	128
96	111	128
97	229	128
98	255	128
99	255	128
100	255	128
101	247	128
102	255	128
103	255	128
104	255	128
105	255	128
106	255	128
107	255	128
108	255	128
109	255	128
110	255	128
111	255	128
112	255	128
113	255	128
114	255	128
115	255	128
116	255	128
117	255	128
118	255	128
119	255	128
120	255	128
121	239	128
122	233	128
123	224	128
124	207	128
125	183	128
126	161	128
127	148	128
128	141	128
129	138	127
130	131	128
131	120	128
132	108	127
133	97	128
134	90	128
135	85	128
136	82	128
137	78	128
138	74	128
139	69	128
140	64	128
141	60	128
142	56	128
143	53	128
144	51	128
145	49	128
146	47	128
147	45	128
148	43	128
149	41	128
150	40	128
151	38	128
152	37	128
153	35	128
154	35	128
155	33	128
156	32	128
157	31	128
158	31	128
159	30	128
160	29	128
161	29	128
162	28	128
163	28	128
164	27	128
165	27	128
166	26	128
167	26	128
168	26	128
169	25	128
170	25	128
171	25	128
172	24	128
173	24	128
174	24	128
175	23	128
176	23	128
177	23	128
178	23	128
179	23	128
180	23	128
181	23	128
182	23	127
183	23	128
184	22	128
185	23	127
186	22	128
187	22	128
188	22	128
189	22	128
190	22	128
191	22	128
192	22	128
193	22	128
194	23	128
195	23	128
196	23	128
197	23	128
198	24	128
199	24	128
200	25	127
201	25	128
202	26	128
203	26	128
204	27	128
205	28	128
206	29	128
207	29	128
208	31	128
209	37	128
210	38	128
211	37	128
212	38	127
213	46	128
214	53	128
215	56	128
216	58	128
217	62	127
218	63	128
219	66	128
220	68	128
221	73	128
222	77	128
223	82	128
224	87	128
225	92	127
226	98	128
227	103	128
228	109	128
229	113	128
230	120	128
231	126	128
232	133	128
233	140	128
234	147	127
235	153	127
236	159	128
237	167	128
238	174	128
239	180	128
240	187	128
241	193	128
242	198	128
243	203	128
244	209	128
245	213	128
246	217	128
247	219	128
248	221	128
249	223	128
250	224	128
251	225	128
252	224	128
253	222	128
254	220	128
255	217	128
256	214	128
257	210	128
258	206	128
259	201	128
260	195	128
261	190	128
262	185	128
263	179	128
264	173	128
265	167	128
266	161	128
267	155	128
268	149	128
269	143	128
270	137	128
271	132	128
272	126	128
273	120	128
274	115	128
275	110	128
276	106	128
277	101	128
278	97	128
279	93	128
280	89	128
281	85	128
282	81	128
283	78	128
284	78	128
285	74	128
286	70	128
287	65	128
288	64	128
289	62	128
290	59	128
291	57	128
292	55	128
293	53	128
294	52	128
295	50	128
296	48	128
297	46	128
298	45	128
299	44	128
300	43	128
301	42	128
302	41	128
303	40	128
304	39	128
305	39	128
306	37	128
307	37	128
308	36	128
309	35	128
310	34	128
311	34	128
312	33	128
313	33	128
314	32	128
315	32	128
316	31	128
317	31	128
318	31	128
319	31	128
320	30	128
321	30	128
322	30	128
323	31	128
324	30	128
325	30	128
326	30	128
327	30	128
328	30	128
329	29	127
330	30	128
331	29	128
332	30	127
333	30	128
334	30	128
335	31	128
336	31	128
337	31	128
338	32	128
339	32	128
340	32	128
341	33	128
342	34	128
343	35	128
344	36	128
345	37	128
346	38	128
347	39	128
348	40	128
349	42	128
350	43	128
351	45	128
352	47	128
353	49	128
354	50	128
355	51	127
356	53	128
357	56	128
358	58	128
359	60	128
360	63	128
361	66	128
362	69	128
363	71	128
364	75	128
365	78	128
366	81	128
367	84	127
368	88	128
369	91	128
370	95	128
371	99	127
372	103	128
373	108	128
374	112	128
375	116	128
376	121	128
377	125	128
378	130	128
379	134	128
380	138	128
381	142	128
382	147	128
383	151	128
384	154	128
385	158	128
386	161	128
387	164	128
388	167	128
389	169	127
390	172	128
391	174	128
392	175	128
393	176	128
394	177	128
395	177	128
396	177	128
397	176	128
398	175	128
399	173	128
400	172	128
401	169	128
402	167	128
403	164	128
404	161	128
405	158	128
406	155	128
407	151	128
408	148	128
409	144	128
410	140	128
411	136	128
412	133	128
413	129	128
414	125	128
415	122	128
416	118	128
417	115	128
418	111	128
419	108	127
420	104	128
421	101	128
422	98	128
423	95	128
424	92	128
425	89	128
426	87	128
427	85	128
428	82	128
429	80	128
430	77	128
431	76	128
432	74	127
433	72	128
434	70	128
435	68	128
436	66	128
437	65	128
438	63	128
439	62	128
440	61	128
441	59	128
442	58	128
443	57	128
444	56	128
445	55	128
446	55	128
447	54	128
448	53	128
449	52	128
450	52	128
451	51	128
452	51	128
453	50	128
454	49	128
455	49	128
456	49	128
457	49	128
458	48	128
459	48	128
460	48	128
461	48	128
462	48	128
463	48	128
464	48	128
465	48	128
466	48	128
467	48	127
468	48	128
469	49	128
470	49	128
471	49	128
472	50	128
473	50	128
474	51	128
475	52	128
476	52	128
477	53	128
478	54	128
479	54	128
480	55	128
481	56	128
482	58	128
483	59	128
484	60	128
485	65	128
486	64	128
487	65	128
488	63	128
489	66	128
490	68	128
491	71	128
492	70	128
493	73	128
494	73	128
495	77	128
496	77	128
497	79	128
498	81	128
499	83	128
500	85	128
501	87	128
502	90	128
503	92	127
504	94	128
505	96	127
506	99	128
507	101	128
508	104	128
509	106	128
510	108	128
511	111	128
512	113	128
513	115	128
514	117	128
515	119	128
516	122	128
517	124	128
518	125	128
519	127	128
520	128	128
521	130	128
522	132	127
523	133	128
524	134	128
525	134	128
526	134	128
527	135	128
528	135	127
529	135	128
530	135	128
531	135	128
532	134	127
533	133	128
534	132	128
535	131	128
536	130	128
537	129	127
538	127	127
539	125	128
540	123	127
541	121	128
542	120	128
543	118	128
544	116	127
545	113	128
546	112	127
547	110	128
548	108	128
549	106	127
550	103	128
551	102	128
552	99	128
553	97	128
554	95	128
555	94	128
556	92	128
557	89	128
558	86	128
559	86	128
560	85	128
561	84	128
562	83	128
563	82	128
564	80	128
565	78	128
566	77	128
567	75	128
568	74	128
569	73	128
570	73	128
571	71	128
572	70	127
573	68	128
574	68	128
575	67	128
576	67	128
577	66	128
578	65	128
579	63	128
580	62	128
581	62	128
582	63	128
583	62	128
584	61	128
585	60	127
586	60	128
587	60	128
588	59	128
589	59	128
590	59	128
591	59	128
592	59	128
593	58	128
594	58	128
595	58	128
596	58	128
597	58	128
598	58	128
599	58	128
600	58	128
601	58	128
602	58	128
603	59	128
604	59	128
605	59	128
606	60	128
607	60	128
608	61	128
609	61	128
610	62	128
611	62	128
612	63	128
613	63	128
614	64	128
615	65	128
616	65	128
617	66	128
618	67	128
619	68	128
620	69	128
621	70	128
622	71	128
623	71	128
624	73	128
625	74	128
626	75	128
627	76	128
628	77	128
629	79	128
630	79	128
631	81	128
632	82	128
633	84	128
634	85	128
635	87	128
636	88	128
637	90	128
638	91	128
639	92	128
640	94	128
641	95	128
642	97	128
643	99	128
644	100	128
645	102	128
646	103	128
647	105	128
648	106	128
649	107	128
650	109	128
651	110	128
652	111	128
653	113	127
654	113	128
655	114	128
656	116	128
657	116	127
658	117	128
659	118	128
660	118	128
661	119	128
662	120	128
663	120	128
664	121	128
665	121	128
666	121	127
667	121	128
668	121	128
669	121	128
670	120	128
671	120	128
672	119	128
673	119	128
674	118	128
675	117	128
676	117	128
677	116	128
678	115	128
679	114	128
680	113	128
681	112	128
682	111	128
683	109	128
684	108	128
685	107	128
686	106	128
687	105	128
688	104	128
689	102	128
690	100	128
691	99	128
692	98	127
693	97	128
694	96	128
695	95	127
696	93	127
697	92	128
698	90	127
699	89	127
700	88	128
701	87	128
702	86	128
703	85	127
704	84	127
705	83	127
706	82	127
707	81	127
708	80	127
709	79	127
710	78	127
711	77	127
712	76	128
713	75	127
714	74	127
715	74	127
716	73	128
717	72	128
718	72	128
719	71	128
720	71	128
721	70	128
722	69	128
723	69	128
724	69	128
725	68	128
726	68	128
727	67	127
728	67	128
729	67	128
730	67	127
731	67	128
732	66	128
733	66	128
734	66	128
735	66	128
736	66	128
737	67	128
738	66	128
739	66	128
740	67	128
741	67	128
742	67	128
743	67	128
744	67	128
745	68	128
746	68	128
747	69	128
748	69	128
749	69	128
750	70	128
751	71	128
752	71	128
753	72	128
754	72	128
755	73	128
756	73	128
757	71	128
758	70	127
759	74	128
760	78	128
761	78	128
762	77	128
763	79	128
764	80	128
765	80	128
766	81	128
767	83	128
768	84	128
769	87	128
770	86	128
771	87	128
772	87	128
773	89	128
774	90	128
775	91	128
776	93	128
777	95	128
778	95	128
779	96	128
780	96	128
781	98	128
782	100	128
783	101	128
784	102	128
785	103	128
786	104	128
787	104	128
788	105	128
789	106	128
790	108	128
791	109	128
792	109	128
793	110	128
794	111	128
795	111	128
796	112	128
797	113	128
798	113	128
799	114	128
800	114	128
801	114	128
802	114	128
803	115	128
804	115	128
805	115	128
806	115	128
807	115	128
808	115	128
809	115	128
810	115	128
811	114	128
812	114	128
813	113	128
814	113	128
815	113	128
816	112	128
817	111	128
818	111	128
819	110	128
820	110	128
821	109	127
822	108	128
823	108	128
824	107	128
825	105	128
826	105	128
827	104	128
828	103	128
829	102	128
830	102	128
831	102	128
832	100	128
833	97	128
834	95	128
835	95	128
836	96	128
837	96	128
838	95	128
839	93	128
840	92	128
841	91	128
842	91	128
843	91	128
844	90	128
845	89	128
846	87	128
847	87	128
848	86	128
849	86	128
850	85	128
851	85	128
852	84	128
853	82	128
854	82	128
855	81	128
856	81	127
857	81	128
858	81	127
859	81	127
860	80	128
861	79	128
862	79	128
863	79	127
864	79	127
865	79	128
866	79	128
867	79	128
868	78	128
869	78	128
870	78	128
871	78	128
872	78	128
873	78	128
874	78	127
875	78	128
876	77	128
877	78	128
878	78	128
879	78	128
880	79	128
881	79	128
882	79	128
883	79	128
884	79	128
885	79	128
886	80	128
887	80	127
888	81	127
889	81	127
890	82	128
891	82	128
892	82	128
893	82	128
894	83	128
895	83	128
896	84	128
897	85	128
898	85	128
899	86	128
900	87	128
901	87	128
902	88	128
903	89	128
904	89	128
905	89	128
906	90	128
907	91	128
908	91	128
909	92	128
910	93	128
911	94	128
912	94	128
913	94	128
914	95	128
915	96	128
916	97	128
917	97	128
918	98	128
919	99	128
920	99	128
921	100	128
922	100	128
923	101	128
924	101	128
925	102	128
926	102	128
927	103	128
928	103	128
929	104	128
930	104	128
931	104	128
932	105	127
933	105	128
934	105	128
935	105	128
936	106	128
937	106	128
938	106	128
939	106	128
940	106	128
941	106	128
942	106	128
943	106	128
944	106	128
945	106	128
946	105	128
947	105	128
948	104	128
949	104	128
950	104	128
951	103	128
952	103	128
953	102	128
954	101	128
955	101	127
956	100	128
957	100	128
958	99	128
959	99	128
960	98	128
961	97	128
962	96	128
963	95	128
964	94	128
965	93	128
966	93	128
967	92	128
968	91	128
969	90	128
970	89	128
971	88	128
972	87	128
973	87	128
974	86	128
975	85	128
976	84	128
977	83	128
978	83	128
979	82	128
980	81	128
981	81	128
982	80	128
983	79	128
984	79	128
985	79	127
986	78	128
987	77	128
988	77	128
989	77	128
990	77	128
991	76	128
992	76	128
993	75	128
994	75	128
995	75	128
996	75	128
997	74	128
998	74	128
999	74	128
1000	74	128
1001	74	128
1002	75	128
1003	75	128
1004	75	128
1005	74	128
1006	75	128
1007	75	128
1008	75	128
1009	75	128
1010	75	128
1011	76	128
1012	76	128
1013	76	128
1014	76	128
1015	77	128
1016	77	128
1017	78	128
1018	78	128
1019	79	128
1020	79	128
1021	79	128
1022	87	128
1023	73	127
1024	69	128
1025	86	128
1026	85	128
1027	77	129
1028	82	127
1029	88	128
1030	83	128
1031	81	127
1032	90	128
1033	89	128
1034	86	128
1035	86	128
1036	90	128
1037	89	128
1038	89	128
1039	91	128
1040	92	128
1041	88	128
1042	92	128
1043	94	128
1044	93	128
1045	93	128
1046	95	128
1047	95	128
1048	95	128
1049	96	128
1050	98	128
1051	98	128
1052	98	128
1053	98	128
1054	97	128
1055	97	128
1056	97	128
1057	97	128
1058	95	128
1059	94	128
1060	93	128
1061	92	128
1062	91	128
1063	91	128
1064	90	128
1065	89	128
1066	87	128
1067	87	128
1068	85	128
1069	83	128
1070	81	128
1071	80	128
1072	77	128
1073	75	128
1074	73	128
1075	70	128
1076	68	128
1077	66	128
1078	64	128
1079	62	128
1080	60	128
1081	58	128
1082	56	128
1083	53	128
1084	52	128
1085	50	128
1086	47	128
1087	45	128
1088	43	128
1089	42	128
1090	41	128
1091	39	128
1092	37	128
1093	35	128
1094	34	128
1095	33	128
1096	32	128
1097	31	128
1098	30	128
1099	29	128
1100	28	127
1101	27	128
1102	26	128
1103	25	128
1104	25	128
1105	24	128
1106	24	128
1107	24	128
1108	23	128
1109	20	128
1110	19	128
1111	21	128
1112	20	128
1113	19	128
1114	18	128
1115	17	128
1116	18	128
1117	18	128
1118	17	128
1119	17	128
1120	16	128
1121	16	128
1122	16	128
1123	15	128
1124	15	128
1125	15	128
1126	15	128
1127	14	128
1128	15	128
1129	15	128
1130	14	128
1131	13	128
1132	14	128
1133	14	128
1134	13	128
1135	13	128
1136	13	128
1137	13	128
1138	13	128
1139	12	128
1140	13	128
1141	12	128
1142	12	128
1143	12	127
1144	12	128
1145	12	127
1146	12	127
1147	11	128
1148	12	127
1149	11	128
1150	11	128
1151	11	128
1152	11	128
1153	11	128
1154	11	128
1155	11	128
1156	11	128
1157	11	128
1158	11	128
1159	11	128
1160	11	128
1161	11	128
1162	11	128
1163	11	128
1164	10	128
1165	10	128
1166	10	128
1167	11	128
1168	11	128
1169	10	128
1170	10	128
1171	10	128
1172	10	128
1173	10	128
1174	10	128
1175	10	128
1176	10	128
1177	10	128
1178	10	128
1179	10	128
1180	10	128
1181	9	128
1182	9	128
1183	9	128
1184	10	128
1185	9	128
1186	9	128
1187	9	128
1188	9	128
1189	9	127
1190	9	128
1191	9	128
1192	9	127
1193	9	128
1194	9	127
1195	9	127
1196	9	127
1197	9	127
1198	9	128
1199	9	128
1200	9	127
1201	9	127
1202	9	128
1203	9	127
1204	9	127
1205	9	128
1206	9	128
1207	9	127
1208	9	127
1209	9	127
1210	9	127
1211	9	127
1212	9	128
1213	9	127
1214	9	128
1215	9	128
1216	9	128
1217	9	128
1218	9	128
1219	9	128
1220	9	128
1221	9	128
1222	9	128
1223	9	128
1224	9	128
1225	9	128
1226	9	128
1227	9	127
1228	9	128
1229	9	128
1230	9	128
1231	9	128
1232	9	128
1233	9	128
1234	9	128
1235	9	128
1236	9	128
1237	9	128
1238	9	128
1239	9	127
1240	9	128
1241	9	128
1242	9	128
1243	9	128
1244	9	128
1245	9	128
1246	9	128
1247	9	128
1248	9	128
1249	9	127
1250	9	128
1251	9	128
1252	9	128
1253	9	128
1254	9	128
1255	9	128
1256	9	128
1257	9	128
1258	9	128
1259	9	128
1260	9	128
1261	9	127
1262	9	128
1263	9	128
1264	8	128
1265	9	128
1266	9	128
1267	9	128
1268	9	128
1269	9	128
1270	9	128
1271	9	127
1272	8	128
1273	8	128
1274	9	127
1275	9	128
1276	9	128
1277	9	128
1278	9	128
1279	9	128
1280	9	128
1281	9	128
1282	9	128
1283	9	128
1284	9	128
1285	9	128
1286	9	128
1287	9	128
1288	9	128
1289	9	128
1290	9	128
1291	9	128
1292	9	128
1293	9	128
1294	9	128
1295	9	128
1296	9	128
1297	9	128
1298	9	128
1299	9	128
1300	10	128
1301	9	128
1302	9	128
1303	9	128
1304	8	128
1305	10	128
1306	13	128
1307	12	128
1308	12	128
1309	8	128
1310	11	128
1311	10	128
1312	11	128
1313	9	128
1314	11	128
1315	9	128
1316	10	128
1317	8	128
1318	10	128
1319	9	128
1320	9	128
1321	9	128
1322	9	128
1323	9	128
1324	9	128
1325	9	128
1326	9	128
1327	9	128
1328	9	128
1329	9	128
1330	9	128
1331	9	128
1332	9	128
1333	9	128
1334	9	128
1335	9	128
1336	9	128
1337	9	128
1338	9	128
1339	9	128
1340	9	128
1341	9	128
1342	9	128
1343	9	128
1344	9	128
1345	9	128
1346	9	128
1347	9	128
1348	9	128
1349	9	128
1350	9	128
1351	8	128
1352	9	128
1353	9	128
1354	9	128
1355	9	128
1356	9	128
1357	9	128
1358	9	128
1359	9	128
1360	8	128
1361	8	128
1362	9	127
1363	9	128
1364	9	128
1365	9	127
1366	9	128
1367	9	128
1368	9	128
1369	9	128
1370	9	128
1371	9	127
1372	9	127
1373	9	128
1374	9	128
1375	9	128
1376	9	128
1377	9	128
1378	9	128
1379	8	128
1380	7	128
1381	8	128
1382	9	128
1383	9	128
1384	9	128
1385	9	128
1386	9	128
1387	9	128
1388	9	128
1389	9	128
1390	9	128
1391	10	128
1392	10	128
1393	9	128
1394	9	128
1395	8	128
1396	9	128
1397	9	128
1398	9	128
1399	9	128
1400	9	128
1401	9	128
1402	9	128
1403	8	128
1404	9	128
1405	10	128
1406	9	128
1407	9	128
1408	9	128
1409	9	128
1410	9	128
1411	9	128
1412	9	128
1413	9	128
1414	9	128
1415	9	128
1416	9	128
1417	9	128
1418	9	128
1419	9	128
1420	9	128
1421	9	128
1422	9	128
1423	9	128
1424	9	128
1425	9	128
1426	9	128
1427	9	127
1428	9	128
1429	9	128
1430	9	128
1431	9	128
1432	9	128
1433	9	127
1434	9	128
1435	9	128
1436	8	128
1437	7	128
1438	7	128
1439	7	128
1440	8	127
1441	8	128
1442	8	128
1443	9	128
1444	9	128
1445	9	128
1446	10	128
1447	10	128
1448	9	128
1449	9	128
1450	9	128
1451	9	128
1452	9	128
1453	9	128
1454	9	128
1455	9	128
1456	9	128
1457	9	128
1458	9	128
1459	9	128
1460	9	128
1461	10	128
1462	9	128
1463	10	128
1464	10	128
1465	10	128
1466	10	128
1467	10	128
1468	10	128
1469	10	128
1470	10	127
1471	10	128
1472	10	128
1473	10	128
1474	10	128
1475	10	128
1476	10	128
1477	10	128
1478	10	128
1479	10	128
1480	10	128
1481	10	128
1482	10	128
1483	10	128
1484	10	128
1485	10	128
1486	10	128
1487	10	128
1488	10	128
1489	11	128
1490	10	128
1491	10	128
1492	10	128
1493	10	128
1494	10	128
1495	10	128
1496	10	128
1497	10	128
1498	10	128
1499	10	128
1500	10	128
1501	10	128
1502	9	128
1503	10	128
1504	10	128
1505	10	128
1506	9	128
1507	10	128
1508	10	128
1509	10	128
1510	10	128
1511	10	128
1512	9	128
1513	9	128
1514	10	128
1515	9	128
1516	9	128
1517	9	128
1518	9	128
1519	9	128
1520	9	128
1521	9	128
1522	9	128
1523	9	128
1524	9	128
1525	9	128
1526	9	128
1527	9	128
1528	9	128
1529	9	128
1530	9	127
1531	9	128
1532	9	128
1533	9	128
1534	9	128
1535	9	128
1536	9	128
1537	9	128
1538	9	128
1539	9	127
1540	9	128
1541	9	128
1542	9	128
1543	9	128
1544	9	128
1545	9	128
1546	9	128
1547	9	128
1548	9	128
1549	9	128
1550	9	128
1551	9	128
1552	9	128
1553	9	128
1554	9	128
1555	9	128
1556	9	128
1557	9	128
1558	9	128
1559	9	128
1560	9	128
1561	9	128
1562	9	128
1563	9	128
1564	9	128
1565	9	128
1566	9	128
1567	9	128
1568	9	128
1569	9	128
1570	9	128
1571	9	128
1572	9	128
1573	9	128
1574	9	128
1575	8	128
1576	9	128
1577	9	128
1578	9	127
1579	10	128
1580	7	128
1581	4	127
1582	9	128
1583	11	128
1584	11	128
1585	8	128
1586	8	128
1587	8	128
1588	8	128
1589	7	127
1590	9	128
1591	8	128
1592	10	128
1593	9	128
1594	9	128
1595	8	128
1596	9	128
1597	9	128
1598	9	128
1599	9	128
1600	9	128
1601	9	128
1602	9	128
1603	9	128
1604	9	128
1605	10	128
1606	9	128
1607	9	128
1608	9	128
1609	9	128
1610	9	128
1611	9	128
1612	9	128
1613	9	128
1614	9	128
1615	9	128
1616	9	128
1617	9	128
1618	9	128
1619	9	128
1620	9	128
1621	9	128
1622	9	128
1623	9	128
1624	9	128
1625	9	128
1626	9	128
1627	9	128
1628	9	128
1629	9	128
1630	9	128
1631	9	128
1632	9	128
1633	9	128
1634	9	128
1635	9	128
1636	9	128
1637	9	128
1638	9	128
1639	9	128
1640	9	128
1641	9	128
1642	9	128
1643	9	128
1644	9	128
1645	9	128
1646	9	127
1647	9	128
1648	9	128
1649	9	128
1650	9	128
1651	9	128
1652	9	128
1653	9	128
1654	10	128
1655	8	128
1656	6	128
1657	7	127
1658	9	128
1659	10	128
1660	9	127
1661	9	128
1662	9	128
1663	9	128
1664	9	128
1665	9	128
1666	10	128
1667	9	128
1668	9	128
1669	9	128
1670	9	128
1671	9	127
1672	9	128
1673	9	128
1674	9	128
1675	9	128
1676	9	128
1677	9	128
1678	8	128
1679	9	128
1680	9	128
1681	9	128
1682	9	128
1683	9	128
1684	9	128
1685	9	128
1686	9	128
1687	9	128
1688	9	128
1689	9	128
1690	9	128
1691	9	128
1692	9	128
1693	9	128
1694	9	128
1695	9	128
1696	9	128
1697	9	128
1698	9	128
1699	9	128
1700	9	128
1701	9	128
1702	9	128
1703	9	128
1704	9	128
1705	9	128
1706	9	128
1707	9	128
1708	9	128
1709	9	128
1710	9	128
1711	9	128
1712	9	128
1713	9	128
1714	9	128
1715	9	128
1716	9	128
1717	9	127
1718	9	128
1719	9	128
1720	9	128
1721	9	128
1722	9	128
1723	9	128
1724	9	128
1725	10	128
1726	10	128
1727	10	128
1728	11	128
1729	11	128
1730	12	128
1731	12	128
1732	13	128
1733	14	128
1734	16	127
1735	19	128
1736	23	128
1737	31	128
1738	44	128
1739	91	128
1740	217	128
1741	255	128
1742	255	128
1743	255	128
1744	255	128
1745	255	128
1746	255	128
1747	255	128
1748	255	129
1749	255	129
1750	255	128
1751	255	128
1752	255	128
1753	255	128
1754	255	129
1755	255	128
1756	255	128
1757	255	128
1758	255	128
1759	255	128
1760	232	128
1761	215	128
1762	201	128
1763	180	127
1764	157	128
1765	136	128
1766	121	127
1767	113	127
1768	108	128
1769	102	127
1770	94	128
1771	85	128
1772	76	127
1773	70	127
1774	65	127
1775	61	127
1776	58	127
1777	55	127
1778	52	128
1779	49	128
1780	46	127
1781	43	127
1782	41	127
1783	39	127
1784	37	128
1785	35	128
1786	34	128
1787	33	128
1788	32	128
1789	31	128
1790	30	128
1791	29	128
1792	28	128
1793	28	128
1794	27	128
1795	27	128
1796	26	128
1797	25	128
1798	25	128
1799	25	128
1800	24	128
1801	23	128
1802	23	128
1803	23	128
1804	23	128
1805	23	128
1806	22	128
1807	22	128
1808	21	128
1809	22	128
1810	21	128
1811	21	128
1812	21	128
1813	21	128
1814	21	128
1815	20	128
1816	20	128
1817	20	128
1818	20	128
1819	20	128
1820	19	128
1821	20	128
1822	20	128
1823	20	128
1824	20	127
1825	20	128
1826	20	128
1827	20	128
1828	20	128
1829	20	128
1830	21	128
1831	21	128
1832	21	128
1833	21	128
1834	22	128
1835	22	128
1836	23	129
1837	23	128
1838	23	128
1839	24	128
1840	25	128
1841	26	128
1842	27	128
1843	29	128
1844	30	128
1845	33	128
1846	36	128
1847	40	128
1848	46	128
1849	53	128
1850	61	128
1851	67	128
1852	71	128
1853	73	128
1854	73	128
1855	76	128
1856	79	128
1857	85	128
1858	92	128
1859	103	128
1860	113	128
1861	117	128
1862	120	128
1863	129	128
1864	136	128
1865	146	128
1866	156	128
1867	165	128
1868	171	128
1869	178	128
1870	186	128
1871	195	128
1872	204	128
1873	211	128
1874	219	128
1875	224	128
1876	229	128
1877	234	128
1878	239	128
1879	243	128
1880	245	128
1881	246	128
1882	246	128
1883	246	128
1884	245	128
1885	243	128
1886	240	128
1887	236	128
1888	230	128
1889	225	128
1890	219	128
1891	213	128
1892	206	128
1893	200	128
1894	193	128
1895	185	128
1896	178	128
1897	171	128
1898	165	128
1899	158	128
1900	151	128
1901	145	128
1902	138	128
1903	132	128
1904	127	128
1905	121	128
1906	116	127
1907	111	128
1908	107	128
1909	102	128
1910	97	128
1911	93	128
1912	90	128
1913	86	128
1914	83	128
1915	79	128
1916	77	128
1917	74	128
1918	71	128
1919	69	128
1920	67	128
1921	65	128
1922	63	128
1923	61	128
1924	59	128
1925	58	128
1926	56	128
1927	55	128
1928	55	128
1929	55	128
1930	52	128
1931	50	128
1932	47	128
1933	48	128
1934	49	128
1935	48	128
1936	46	128
1937	45	128
1938	45	128
1939	44	128
1940	44	128
1941	44	128
1942	43	128
1943	43	128
1944	42	128
1945	43	128
1946	43	128
1947	43	128
1948	43	128
1949	43	128
1950	43	128
1951	44	128
1952	43	128
1953	43	128
1954	43	128
1955	44	128
1956	45	128
1957	45	128
1958	45	128
1959	46	128
1960	47	128
1961	48	128
1962	49	128
1963	49	128
1964	51	128
1965	51	128
1966	53	128
1967	54	128
1968	55	128
1969	57	128
1970	58	128
1971	59	128
1972	61	128
1973	62	128
1974	64	128
1975	65	128
1976	67	127
1977	69	128
1978	71	128
1979	74	128
1980	76	128
1981	78	128
1982	81	128
1983	83	128
1984	85	128
1985	88	128
1986	90	128
1987	92	128
1988	95	128
1989	98	128
1990	101	128
1991	103	128
1992	105	128
1993	108	128
1994	111	128
1995	113	128
1996	116	127
1997	119	128
1998	121	127
1999	123	128
2000	126	128
2001	127	128
2002	130	127
2003	132	128
2004	133	128
2005	135	128
2006	136	128
2007	137	128
2008	138	128
2009	139	128
2010	140	128
2011	140	128
2012	141	128
2013	140	128
2014	140	128
2015	140	128
2016	139	128
2017	139	128
2018	137	128
2019	136	128
2020	135	128
2021	134	128
2022	133	128
2023	131	128
2024	129	128
2025	126	128
2026	125	128
2027	123	128
2028	121	128
2029	119	128
2030	117	128
2031	114	128
2032	112	128
2033	109	128
2034	108	128
2035	106	128
2036	103	128
2037	101	128
2038	99	128
2039	97	128
2040	95	128
2041	93	128
2042	90	128
2043	89	128
2044	87	128
2045	85	128
2046	84	128
2047	82	128
2048	80	128
2049	79	128
2050	77	128
2051	76	127
2052	74	128
2053	73	127
2054	71	128
2055	70	127
2056	69	128
2057	68	128
2058	67	128
2059	66	128
2060	65	128
2061	64	127
2062	63	128
2063	62	128
2064	62	128
2065	61	128
2066	60	128
2067	60	128
2068	59	128
2069	59	128
2070	58	128
2071	58	128
2072	58	128
2073	57	128
2074	57	128
2075	56	128
2076	56	127
2077	56	128
2078	56	128
2079	57	128
2080	56	128
2081	56	128
2082	56	128
2083	57	128
2084	57	127
2085	57	128
2086	56	128
2087	57	128
2088	57	128
2089	58	128
2090	58	128
2091	58	128
2092	59	128
2093	60	128
2094	60	128
2095	61	128
2096	61	128
2097	62	128
2098	63	128
2099	63	128
2100	64	128
2101	65	128
2102	66	127
2103	67	128
2104	68	128
2105	69	128
2106	70	128
2107	71	128
2108	72	128
2109	73	128
2110	75	128
2111	76	128
2112	78	128
2113	79	128
2114	80	128
2115	81	128
2116	83	128
2117	84	128
2118	86	128
2119	88	129
2120	89	128
2121	91	128
2122	92	128
2123	94	128
2124	95	128
2125	97	128
2126	99	128
2127	100	128
2128	103	128
2129	108	128
2130	108	128
2131	107	128
2132	105	128
2133	109	128
2134	111	128
2135	114	128
2136	114	128
2137	116	128
2138	115	128
2139	117	128
2140	116	128
2141	120	128
2142	120	128
2143	121	128
2144	120	128
2145	120	128
2146	121	128
2147	122	128
2148	123	128
2149	123	128
2150	122	128
2151	121	128
2152	121	128
2153	121	128
2154	122	128
2155	121	128
2156	121	128
2157	120	128
2158	119	128
2159	118	128
2160	118	128
2161	118	128
2162	117	128
2163	115	128
2164	114	128
2165	112	128
2166	112	128
2167	110	128
2168	109	128
2169	108	128
2170	107	128
2171	105	128
2172	104	128
2173	103	128
2174	102	128
2175	101	128
2176	99	128
2177	98	128
2178	97	128
2179	95	128
2180	94	128
2181	93	128
2182	91	128
2183	90	128
2184	89	128
2185	88	128
2186	87	128
2187	85	128
2188	84	128
2189	83	128
2190	82	128
2191	81	128
2192	81	128
2193	79	128
2194	78	128
2195	78	128
2196	77	128
2197	76	128
2198	75	128
2199	74	128
2200	74	128
2201	73	128
2202	71	128
2203	70	128
2204	73	127
2205	73	128
2206	71	128
2207	69	128
2208	69	127
2209	70	128
2210	69	128
2211	68	128
2212	67	128
2213	67	128
2214	68	128
2215	69	128
2216	68	128
2217	67	128
2218	67	128
2219	67	128
2220	67	128
2221	68	128
2222	68	128
2223	68	128
2224	68	128
2225	68	128
2226	68	128
2227	69	128
2228	70	128
2229	70	128
2230	69	128
2231	70	127
2232	71	128
2233	71	128
2234	71	128
2235	72	128
2236	73	128
2237	73	128
2238	74	128
2239	74	128
2240	75	128
2241	76	128
2242	77	128
2243	78	128
2244	79	128
2245	79	128
2246	80	128
2247	81	128
2248	82	128
2249	83	128
2250	84	128
2251	85	128
2252	86	128
2253	87	128
2254	88	128
2255	89	128
2256	90	128
2257	91	128
2258	93	128
2259	93	128
2260	94	128
2261	95	128
2262	97	128
2263	98	128
2264	99	128
2265	100	128
2266	101	128
2267	102	128
2268	103	128
2269	104	128
2270	105	128
2271	106	128
2272	107	128
2273	108	128
2274	108	128
2275	108	128
2276	109	128
2277	109	128
2278	111	128
2279	111	128
2280	111	128
2281	111	128
2282	112	128
2283	112	128
2284	112	127
2285	112	128
2286	112	128
2287	113	128
2288	113	128
2289	112	128
2290	112	128
2291	111	128
2292	111	128
2293	111	128
2294	110	128
2295	109	128
2296	109	127
2297	108	128
2298	107	128
2299	107	128
2300	106	127
2301	106	128
2302	105	128
2303	104	128
2304	103	128
2305	102	128
2306	101	128
2307	100	128
2308	99	128
2309	98	128
2310	97	128
2311	96	127
2312	95	128
2313	95	128
2314	94	128
2315	93	128
2316	92	127
2317	91	128
2318	90	128
2319	89	128
2320	88	128
2321	87	128
2322	87	128
2323	86	128
2324	85	128
2325	84	128
2326	83	128
2327	82	128
2328	81	128
2329	81	128
2330	80	128
2331	79	128
2332	79	128
2333	78	127
2334	78	127
2335	77	128
2336	77	127
2337	76	128
2338	75	128
2339	75	127
2340	75	128
2341	74	128
2342	74	128
2343	74	128
2344	73	128
2345	73	128
2346	72	128
2347	72	128
2348	72	128
2349	72	128
2350	71	128
2351	72	128
2352	71	128
2353	71	128
2354	71	128
2355	71	128
2356	71	128
2357	71	128
2358	71	128
2359	72	128
2360	71	128
2361	72	128
2362	72	128
2363	72	128
2364	72	128
2365	72	128
2366	73	128
2367	73	128
2368	74	128
2369	74	128
2370	74	128
2371	75	128
2372	75	128
2373	75	128
2374	76	128
2375	76	128
2376	77	128
2377	78	128
2378	78	128
2379	79	128
2380	79	128
2381	79	128
2382	81	128
2383	81	128
2384	82	127
2385	83	128
2386	84	128
2387	84	128
2388	85	128
2389	85	128
2390	86	128
2391	87	128
2392	88	128
2393	89	128
2394	90	128
2395	91	128
2396	91	128
2397	92	128
2398	93	128
2399	94	128
2400	94	128
2401	95	128
2402	97	128
2403	96	128
2404	96	128
2405	101	128
2406	103	128
2407	103	128
2408	99	128
2409	101	128
2410	101	128
2411	102	128
2412	103	128
2413	104	128
2414	104	128
2415	106	128
2416	105	128
2417	105	128
2418	105	128
2419	105	128
2420	106	128
2421	106	128
2422	107	128
2423	107	128
2424	107	128
2425	107	128
2426	107	128
2427	107	128
2428	107	128
2429	107	128
2430	107	128
2431	107	128
2432	107	128
2433	106	128
2434	106	128
2435	106	128
2436	105	128
2437	105	128
2438	105	128
2439	105	128
2440	104	128
2441	103	127
2442	103	128
2443	102	128
2444	102	128
2445	101	128
2446	101	128
2447	101	128
2448	99	128
2449	99	128
2450	98	128
2451	98	128
2452	97	128
2453	96	128
2454	95	128
2455	95	128
2456	94	128
2457	93	128
2458	93	128
2459	92	128
2460	91	128
2461	91	128
2462	90	128
2463	89	128
2464	88	128
2465	88	128
2466	87	128
2467	87	128
2468	86	128
2469	85	128
2470	85	128
2471	85	128
2472	84	128
2473	84	128
2474	83	128
2475	82	128
2476	82	128
2477	81	128
2478	78	128
2479	79	128
2480	79	128
2481	80	128
2482	80	128
2483	80	128
2484	79	128
2485	79	128
2486	78	127
2487	78	128
2488	78	128
2489	78	128
2490	77	128
2491	77	128
2492	77	128
2493	77	128
2494	77	128
2495	77	128
2496	77	128
2497	77	128
2498	77	128
2499	76	128
2500	76	128
2501	76	128
2502	77	128
2503	77	128
2504	77	128
2505	77	128
2506	78	128
2507	77	128
2508	78	128
2509	78	128
2510	79	128
2511	79	128
2512	79	128
2513	80	128
2514	80	128
2515	80	128
2516	81	128
2517	81	128
2518	81	128
2519	81	127
2520	82	128
2521	82	128
2522	83	128
2523	83	128
2524	84	128
2525	84	128
2526	85	128
2527	85	128
2528	86	128
2529	87	128
2530	87	128
2531	88	128
2532	89	128
2533	89	128
2534	89	128
2535	90	128
2536	91	128
2537	91	128
2538	91	128
2539	91	128
2540	92	128
2541	93	128
2542	93	128
2543	94	128
2544	95	128
2545	95	128
2546	96	128
2547	96	128
2548	97	128
2549	97	128
2550	97	128
2551	97	128
2552	98	128
2553	99	128
2554	99	128
2555	100	128
2556	100	128
2557	100	128
2558	100	128
2559	101	128
2560	101	128
2561	101	128
2562	101	128
2563	101	128
2564	101	128
2565	101	128
2566	101	128
2567	102	128
2568	101	128
2569	102	128
2570	101	128
2571	101	128
2572	101	128
2573	101	128
2574	101	128
2575	101	128
2576	101	128
2577	100	128
2578	100	128
2579	100	128
2580	100	128
2581	99	128
2582	98	128
2583	98	128
2584	98	128
2585	98	128
2586	97	128
2587	96	127
2588	96	128
2589	96	128
2590	95	128
2591	94	127
2592	94	128
2593	94	128
2594	93	128
2595	93	128
2596	91	128
2597	91	128
2598	90	127
2599	90	128
2600	90	128
2601	89	128
2602	89	128
2603	88	128
2604	87	128
2605	87	128
2606	86	128
2607	86	128
2608	85	128
2609	85	128
2610	84	128
2611	84	128
2612	83	128
2613	83	128
2614	82	128
2615	82	128
2616	81	128
2617	81	128
2618	80	128
2619	80	128
2620	79	128
2621	79	128
2622	79	127
2623	79	127
2624	79	127
2625	78	128
2626	78	127
2627	77	128
2628	77	128
2629	77	128
2630	77	127
2631	77	128
2632	77	128
2633	76	128
2634	77	128
2635	76	128
2636	76	128
2637	76	128
2638	77	127
2639	76	127
2640	76	128
2641	76	127
2642	76	128
2643	77	128
2644	77	127
2645	77	128
2646	77	128
2647	77	128
2648	77	128
2649	77	128
2650	78	128
2651	78	128
2652	79	128
2653	79	128
2654	79	128
2655	79	128
2656	80	128
2657	80	127
2658	80	128
2659	81	127
2660	81	127
2661	81	127
2662	82	128
2663	82	128
2664	82	128
2665	83	128
2666	83	128
2667	84	128
2668	84	128
2669	85	128
2670	85	128
2671	86	128
2672	87	128
2673	87	128
2674	88	128
2675	88	128
2676	88	128
2677	87	128
2678	86	128
2679	88	128
2680	91	128
2681	90	128
2682	91	128
2683	93	128
2684	93	128
2685	93	128
2686	94	128
2687	94	128
2688	95	128
2689	97	128
2690	97	128
2691	98	128
2692	97	128
2693	98	128
2694	98	128
2695	98	128
2696	99	128
2697	99	128
2698	100	128
2699	100	128
2700	100	128
2701	101	128
2702	101	128
2703	101	128
2704	101	128
2705	102	128
2706	101	128
2707	101	128
2708	101	128
2709	102	128
2710	102	128
2711	102	129
2712	102	128
2713	102	128
2714	101	128
2715	101	128
2716	101	128
2717	101	128
2718	101	128
2719	101	128
2720	100	128
2721	100	128
2722	100	128
2723	100	128
2724	99	128
2725	99	128
2726	99	128
2727	98	128
2728	98	128
2729	97	128
2730	97	128
2731	97	128
2732	97	128
2733	96	128
2734	95	128
2735	95	127
2736	94	127
2737	94	128
2738	94	128
2739	93	128
2740	93	128
2741	92	129
2742	92	128
2743	91	128
2744	91	128
2745	91	128
2746	90	128
2747	90	128
2748	90	128
2749	90	128
2750	90	128
2751	90	128
2752	90	128
2753	87	128
2754	87	128
2755	85	128
2756	86	128
2757	86	128
2758	86	128
2759	86	127
2760	85	128
2761	85	128
2762	85	128
2763	85	128
2764	85	128
2765	84	128
2766	84	128
2767	84	127
2768	84	128
2769	83	128
2770	83	127
2771	83	128
2772	83	128
2773	83	127
2774	84	128
2775	83	128
2776	82	127
2777	82	127
2778	83	127
2779	83	128
2780	83	128
2781	83	127
2782	83	128
2783	84	127
2784	84	127
2785	84	127
2786	84	127
2787	84	128
2788	84	127
2789	84	128
2790	84	128
2791	85	127
2792	85	127
2793	85	127
2794	86	127
2795	86	128
2796	86	127
2797	87	127
2798	87	128
2799	88	127
2800	88	128
2801	89	127
2802	89	127
2803	89	127
2804	90	128
2805	90	128
2806	91	127
2807	91	128
2808	92	128
2809	93	128
2810	93	127
2811	94	127
2812	94	128
2813	95	128
2814	95	127
2815	96	128
2816	97	128
2817	97	127
2818	97	127
2819	98	128
2820	99	127
2821	100	127
2822	101	128
2823	101	127
2824	102	128
2825	102	127
2826	103	127
2827	104	128
2828	104	128
2829	104	128
2830	105	128
2831	105	128
2832	106	128
2833	107	128
2834	107	128
2835	107	128
2836	108	128
2837	108	128
2838	109	128
2839	102	126
2840	103	128
2841	116	129
2842	117	129
2843	109	128
2844	105	127
2845	113	128
2846	113	128
2847	109	127
2848	113	127
2849	117	127
2850	113	127
2851	112	127
2852	115	127
2853	113	128
2854	110	128
2855	113	127
2856	114	128
2857	112	127
2858	111	127
2859	112	128
2860	111	128
2861	110	128
2862	111	128
2863	112	128
2864	111	128
2865	110	127
2866	110	128
2867	109	128
2868	108	128
2869	108	128
2870	107	128
2871	106	128
2872	104	128
2873	103	128
2874	101	128
2875	99	128
2876	99	128
2877	97	128
2878	95	128
2879	93	128
2880	92	128
2881	90	128
2882	89	128
2883	87	128
2884	86	128
2885	83	128
2886	81	128
2887	79	128
2888	77	128
2889	75	128
2890	73	128
2891	70	128
2892	68	128
2893	65	128
2894	63	128
2895	61	128
2896	58	128
2897	57	128
2898	55	128
2899	53	128
2900	52	128
2901	50	128
2902	47	128
2903	45	128
2904	43	128
2905	42	128
2906	40	128
2907	39	128
2908	37	128
2909	35	128
2910	34	128
2911	33	128
2912	31	128
2913	31	128
2914	30	128
2915	29	128
2916	28	128
2917	27	128
2918	26	127
2919	26	128
2920	25	128
2921	24	128
2922	23	128
2923	23	128
2924	22	128
2925	21	128
2926	21	128
2927	20	128
2928	20	128
2929	20	128
2930	19	127
2931	19	128
2932	18	128
2933	18	128
2934	17	128
2935	17	128
2936	17	127
2937	16	128
2938	16	128
2939	16	127
2940	15	128
2941	15	127
2942	15	127
2943	14	128
2944	14	128
2945	14	128
2946	14	128
2947	14	128
2948	14	127
2949	14	128
2950	12	128
2951	14	128
2952	17	128
2953	17	128
2954	14	128
2955	9	128
2956	13	128
2957	14	128
2958	12	127
2959	11	128
2960	12	128
2961	11	128
2962	13	128
2963	10	127
2964	13	128
2965	11	127
2966	12	128
2967	11	127
2968	11	128
2969	11	128
2970	11	128
2971	11	127
2972	11	127
2973	11	128
2974	11	127
2975	11	128
2976	11	128
2977	11	128
2978	11	128
2979	11	128
2980	11	128
2981	11	128
2982	10	128
2983	10	128
2984	10	128
2985	10	128
2986	10	128
2987	10	128
2988	10	128
2989	10	128
2990	10	128
2991	10	128
2992	10	128
2993	10	128
2994	10	128
2995	10	128
2996	10	128
2997	10	128
2998	10	128
2999	10	128
3000	9	128
3001	9	128
3002	9	128
3003	9	128
3004	10	128
3005	10	128
3006	9	128
3007	9	128
3008	9	128
3009	9	128
3010	9	128
3011	9	128
3012	9	128
3013	9	128
3014	9	128
3015	9	128
3016	9	128
3017	9	128
3018	9	128
3019	9	128
3020	9	128
3021	9	128
3022	9	128
3023	9	128
3024	9	128
3025	8	128
3026	7	128
3027	9	128
3028	9	128
3029	8	128
3030	9	128
3031	9	128
3032	9	128
3033	9	128
3034	9	128
3035	8	128
3036	9	128
3037	9	128
3038	9	128
3039	8	128
3040	9	128
3041	9	128
3042	9	128
3043	9	127
3044	9	128
3045	9	128
3046	9	128
3047	10	128
3048	9	127
3049	8	128
3050	9	128
3051	9	128
3052	9	128
3053	9	128
3054	9	128
3055	9	128
3056	9	128
3057	9	128
3058	9	128
3059	9	128
3060	9	128
3061	9	128
3062	9	128
3063	9	128
3064	9	128
3065	9	127
3066	9	128
3067	9	128
3068	9	128
3069	9	128
3070	9	128
3071	9	128
3072	9	128
3073	9	128
3074	9	128
3075	9	128
3076	9	128
3077	9	127
3078	9	128
3079	9	128
3080	9	127
3081	9	127
3082	9	128
3083	9	128
3084	9	128
3085	9	128
3086	9	128
3087	9	128
3088	9	128
3089	9	128
3090	9	127
3091	9	128
3092	9	127
3093	9	128
3094	9	128
3095	9	128
3096	9	128
3097	9	128
3098	9	128
3099	9	128
3100	9	128
3101	9	128
3102	9	128
3103	9	128
3104	9	128
3105	9	128
3106	9	128
3107	9	128
3108	9	128
3109	9	128
3110	9	128
3111	9	128
3112	9	128
3113	9	128
3114	9	128
3115	9	128
3116	9	128
3117	9	128
3118	9	128
3119	9	128
3120	9	128
3121	9	128
3122	9	128
3123	9	128
3124	9	128
3125	9	128
3126	9	128
3127	9	128
3128	9	128
3129	9	128
3130	9	128
3131	9	128
3132	9	128
3133	9	128
3134	9	128
3135	9	128
3136	9	128
3137	9	128
3138	9	128
3139	9	128
3140	9	128
3141	9	128
3142	9	128
3143	9	128
3144	9	128
3145	9	128
3146	9	128
3147	9	128
3148	9	128
3149	9	128
3150	9	128
3151	9	128
3152	9	128
3153	9	128
3154	9	128
3155	9	128
3156	9	128
3157	9	128
3158	9	128
3159	9	128
3160	9	128
3161	9	128
3162	9	128
3163	9	128
3164	9	128
3165	9	128
3166	9	128
3167	9	128
3168	9	128
3169	9	128
3170	9	128
3171	9	128
3172	9	128
3173	9	128
3174	9	128
3175	9	128
3176	9	128
3177	9	128
3178	9	128
3179	9	128
3180	9	128
3181	9	128
3182	9	128
3183	9	128
3184	9	128
3185	9	128
3186	9	128
3187	9	128
3188	9	128
3189	9	128
3190	9	128
3191	9	128
3192	9	128
3193	9	128
3194	9	128
3195	9	128
3196	9	128
3197	9	128
3198	9	128
3199	9	128
3200	9	128
3201	9	128
3202	9	128
3203	9	128
3204	9	128
3205	9	128
3206	9	128
3207	9	128
3208	9	128
3209	9	128
3210	9	128
3211	9	128
3212	9	128
3213	9	128
3214	9	128
3215	9	128
3216	9	128
3217	9	128
3218	9	128
3219	9	128
3220	9	128
3221	9	128
3222	9	128
3223	9	128
3224	9	128
3225	10	128
3226	6	128
3227	4	128
3228	5	128
3229	9	128
3230	8	128
3231	7	128
3232	8	128
3233	7	128
3234	9	128
3235	8	128
3236	9	128
3237	9	128
3238	11	128
3239	8	128
3240	9	128
3241	8	128
3242	9	128
3243	9	128
3244	8	128
3245	8	128
3246	9	128
3247	9	128
3248	9	127
3249	10	128
3250	9	128
3251	9	128
3252	9	128
3253	8	128
3254	8	128
3255	8	128
3256	8	128
3257	8	128
3258	9	128
3259	9	128
3260	9	128
3261	10	128
3262	10	128
3263	10	128
3264	9	128
3265	10	128
3266	10	128
3267	9	128
3268	9	128
3269	9	128
3270	9	128
3271	9	128
3272	9	128
3273	9	128
3274	9	128
3275	9	128
3276	9	128
3277	10	128
3278	10	128
3279	10	128
3280	10	128
3281	10	128
3282	10	128
3283	10	128
3284	10	128
3285	10	128
3286	10	128
3287	10	128
3288	10	128
3289	10	128
3290	10	128
3291	10	128
3292	10	128
3293	10	128
3294	10	128
3295	11	128
3296	11	128
3297	10	128
3298	10	128
3299	11	128
3300	13	128
3301	11	128
3302	10	128
3303	9	128
3304	10	128
3305	12	128
3306	11	128
3307	10	128
3308	9	128
3309	10	128
3310	10	128
3311	10	127
3312	10	128
3313	9	128
3314	9	128
3315	10	128
3316	10	128
3317	10	128
3318	9	128
3319	10	128
3320	10	128
3321	10	128
3322	9	128
3323	9	128
3324	9	128
3325	9	128
3326	9	128
3327	9	128
3328	10	128
3329	9	128
3330	9	128
3331	9	128
3332	10	128
3333	9	128
3334	9	128
3335	9	128
3336	9	128
3337	9	128
3338	9	128
3339	9	128
3340	9	128
3341	9	128
3342	9	128
3343	9	128
3344	9	128
3345	9	128
3346	9	128
3347	9	127
3348	9	128
3349	9	128
3350	9	128
3351	9	128
3352	9	128
3353	9	128
3354	9	128
3355	9	128
3356	9	128
3357	9	128
3358	9	128
3359	9	128
3360	9	128
3361	9	128
3362	9	128
3363	9	128
3364	9	128
3365	9	128
3366	9	128
3367	9	128
3368	9	128
3369	9	128
3370	9	128
3371	9	128
3372	9	128
3373	9	128
3374	9	128
3375	9	128
3376	9	128
3377	9	128
3378	9	128
3379	9	128
3380	9	128
3381	9	128
3382	9	128
3383	9	128
3384	9	128
3385	9	128
3386	8	128
3387	9	128
3388	9	128
3389	9	128
3390	9	128
3391	9	128
3392	9	128
3393	9	128
3394	9	128
3395	9	128
3396	9	128
3397	9	128
3398	9	128
3399	9	128
3400	9	128
3401	9	128
3402	9	128
3403	9	128
3404	9	128
3405	9	128
3406	9	128
3407	9	128
3408	9	128
3409	9	128
3410	9	128
3411	9	128
3412	9	128
3413	9	128
3414	9	128
3415	9	128
3416	9	128
3417	9	128
3418	9	128
3419	9	128
3420	9	128
3421	9	128
3422	9	128
3423	9	128
3424	9	128
3425	9	128
3426	9	128
3427	9	128
3428	9	128
3429	9	128
3430	9	128
3431	9	128
3432	9	128
3433	9	128
3434	9	128
3435	9	128
3436	9	128
3437	9	128
3438	9	128
3439	9	128
3440	9	128
3441	9	128
3442	9	128
3443	9	128
3444	9	128
3445	9	128
3446	9	128
3447	9	128
3448	9	128
3449	9	128
3450	9	128
3451	9	128
3452	9	128
3453	9	128
3454	9	128
3455	9	128
3456	9	128
3457	9	128
3458	9	128
3459	9	128
3460	9	128
3461	9	128
3462	9	128
3463	9	128
3464	9	128
3465	9	128
3466	9	128
3467	9	128
3468	9	128
3469	9	128
3470	9	128
3471	9	128
3472	9	128
3473	9	128
3474	9	128
3475	9	128
3476	9	128
3477	9	128
3478	9	128
3479	9	128
3480	9	128
3481	9	128
3482	9	128
3483	9	127
3484	9	128
3485	9	128
3486	9	128
3487	9	128
3488	9	128
3489	9	128
3490	9	128
3491	9	128
3492	9	128
3493	9	128
3494	9	128
3495	9	128
3496	9	128
3497	9	128
3498	9	128
3499	9	128
3500	8	128
3501	14	128
3502	12	128
3503	9	128
3504	7	128
3505	11	128
3506	12	128
3507	11	128
3508	9	128
3509	10	128
3510	9	128
3511	10	128
3512	9	128
3513	9	128
3514	10	128
3515	9	128
3516	9	128
3517	9	128
3518	9	128
3519	9	128
3520	9	128
3521	9	128
3522	9	128
3523	9	128
3524	9	128
3525	9	128
3526	9	128
3527	9	128
3528	9	128
3529	9	128
3530	9	128
3531	9	128
3532	9	128
3533	9	128
3534	9	127
3535	9	128
3536	9	128
3537	9	128
3538	9	128
3539	9	128
3540	9	128
3541	10	128
3542	9	128
3543	9	128
3544	9	128
3545	9	128
3546	9	128
3547	9	128
3548	10	128
3549	9	128
3550	10	128
3551	10	128
3552	10	128
3553	10	128
3554	11	128
3555	11	128
3556	12	128
3557	13	128
3558	14	127
3559	15	128
3560	17	128
3561	20	128
3562	25	128
3563	33	128
3564	49	128
3565	112	128
3566	250	128
3567	255	128
3568	255	128
3569	255	128
3570	255	128
3571	255	128
3572	255	129
3573	255	129
3574	255	129
3575	255	129
3576	255	129
3577	255	129
3578	255	129
3579	255	129
3580	255	129
3581	255	129
3582	255	129
3583	255	129
3584	255	129
3585	255	129
3586	255	128
3587	255	128
3588	255	128
3589	224	128
3590	192	127
3591	165	128
3592	144	127
3593	128	127
3594	115	127
3595	104	127
3596	93	127
3597	82	127
3598	72	127
3599	65	127
3600	59	127
3601	54	127
3602	49	127
3603	45	127
3604	41	127
3605	38	127
3606	35	127
3607	33	127
3608	31	127
3609	29	127
3610	28	127
3611	27	127
3612	26	127
3613	25	127
3614	24	127
3615	23	127
3616	23	127
3617	22	127
3618	21	127
3619	20	127
3620	20	127
3621	20	127
3622	19	127
3623	18	127
3624	18	127
3625	18	127
3626	18	127
3627	17	127
3628	17	127
3629	16	128
3630	16	128
3631	15	127
3632	15	127
3633	15	128
3634	15	127
3635	15	127
3636	15	128
3637	15	128
3638	14	128
3639	14	128
3640	14	127
3641	14	128
3642	13	128
3643	13	128
3644	13	128
3645	13	128
3646	13	128
3647	13	128
3648	13	127
3649	13	128
3650	12	128
3651	13	128
3652	12	128
3653	12	128
3654	12	128
3655	12	128
3656	12	128
3657	12	128
3658	12	128
3659	12	128
3660	12	128
3661	11	128
3662	12	128
3663	11	128
3664	11	128
3665	11	128
3666	11	128
3667	11	128
3668	11	128
3669	11	128
3670	11	128
3671	11	128
3672	11	128
3673	11	128
3674	11	128
3675	11	128
3676	11	128
3677	11	128
3678	11	128
3679	11	128
3680	11	128
3681	11	128
3682	11	128
3683	11	128
3684	11	128
3685	11	128
3686	11	128
3687	11	128
3688	10	128
3689	11	128
3690	11	128
3691	10	128
3692	11	128
3693	11	128
3694	11	128
3695	11	128
3696	11	128
3697	11	128
3698	11	128
3699	11	128
3700	11	128
3701	11	128
3702	11	128
3703	11	128
3704	11	128
3705	11	128
3706	11	128
3707	12	128
3708	11	128
3709	12	128
3710	12	128
3711	13	128
3712	13	128
3713	13	128
3714	14	128
3715	15	128
3716	16	128
3717	17	128
3718	18	128
3719	20	128
3720	22	128
3721	26	128
3722	31	128
3723	42	128
3724	72	128
3725	143	128
3726	213	128
3727	230	128
3728	198	127
3729	162	128
3730	159	128
3731	200	128
3732	255	128
3733	255	127
3734	255	128
3735	255	128
3736	255	128
3737	255	128
3738	255	128
3739	255	128
3740	255	128
3741	255	128
3742	255	128
3743	255	128
3744	255	128
3745	255	128
3746	255	128
3747	255	128
3748	255	128
3749	255	128
3750	255	128
3751	255	128
3752	255	128
3753	255	128
3754	246	128
3755	228	128
3756	216	128
3757	208	128
3758	198	128
3759	183	128
3760	167	127
3761	152	127
3762	142	127
3763	134	127
3764	127	127
3765	119	128
3766	110	128
3767	101	127
3768	93	128
3769	87	128
3770	81	128
3771	77	128
3772	73	128
3773	68	128
3774	65	128
3775	62	128
3776	59	128
3777	55	128
3778	50	128
3779	49	128
3780	45	128
3781	43	128
3782	40	128
3783	40	128
3784	37	128
3785	36	128
3786	33	128
3787	35	128
3788	31	128
3789	31	128
3790	29	128
3791	29	128
3792	28	128
3793	28	128
3794	27	128
3795	26	128
3796	26	128
3797	25	129
3798	25	128
3799	25	128
3800	24	128
3801	23	128
3802	23	128
3803	22	128
3804	22	128
3805	22	128
3806	21	128
3807	21	128
3808	20	128
3809	21	128
3810	20	128
3811	20	128
3812	19	128
3813	19	128
3814	19	128
3815	19	128
3816	19	128
3817	18	128
3818	18	128
3819	18	128
3820	18	128
3821	18	128
3822	18	128
3823	18	128
3824	17	128
3825	17	128
3826	18	128
3827	17	128
3828	17	128
3829	17	128
3830	17	127
3831	17	127
3832	17	128
3833	17	128
3834	17	128
3835	17	128
3836	17	128
3837	17	128
3838	17	128
3839	18	128
3840	17	128
3841	17	128
3842	17	128
3843	18	128
3844	18	128
3845	18	128
3846	19	128
3847	18	128
3848	19	127
3849	18	128
3850	19	128
3851	20	128
3852	20	128
3853	23	128
3854	24	128
3855	25	128
3856	26	128
3857	27	128
3858	29	128
3859	32	128
3860	37	127
3861	43	128
3862	51	128
3863	63	128
3864	75	127
3865	83	128
3866	85	128
3867	84	128
3868	84	128
3869	88	128
3870	96	128
3871	107	128
3872	118	128
3873	127	128
3874	134	127
3875	139	128
3876	145	128
3877	156	128
3878	168	128
3879	180	128
3880	190	128
3881	198	128
3882	205	128
3883	214	128
3884	225	128
3885	235	128
3886	244	128
3887	250	128
3888	255	128
3889	255	128
3890	255	128
3891	255	128
3892	255	128
3893	255	128
3894	255	128
3895	255	128
3896	255	128
3897	255	128
3898	255	128
3899	255	128
3900	248	128
3901	241	128
3902	232	128
3903	224	128
3904	216	128
3905	207	128
3906	198	128
3907	189	128
3908	179	128
3909	171	128
3910	162	128
3911	154	128
3912	147	128
3913	140	128
3914	132	128
3915	125	128
3916	119	128
3917	113	128
3918	107	128
3919	102	128
3920	97	128
3921	92	128
3922	88	128
3923	84	128
3924	80	128
3925	76	128
3926	73	128
3927	69	128
3928	66	128
3929	63	128
3930	61	128
3931	59	128
3932	56	128
3933	54	128
3934	52	128
3935	50	128
3936	48	128
3937	47	128
3938	45	128
3939	44	128
3940	42	128
3941	41	128
3942	40	128
3943	39	128
3944	38	128
3945	37	129
3946	36	128
3947	35	128
3948	35	128
3949	34	128
3950	33	128
3951	33	128
3952	32	128
3953	32	128
3954	31	128
3955	31	128
3956	31	128
3957	30	128
3958	30	128
3959	29	128
3960	29	128
3961	29	128
3962	29	128
3963	29	128
3964	28	128
3965	28	128
3966	28	128
3967	28	128
3968	28	128
3969	28	128
3970	28	128
3971	28	128
3972	28	128
3973	28	128
3974	28	128
3975	28	128
3976	28	128
3977	28	128
3978	29	128
3979	29	128
3980	29	128
3981	29	128
3982	30	128
3983	30	128
3984	31	128
3985	32	128
3986	33	128
3987	33	128
3988	35	128
3989	36	128
3990	37	128
3991	38	128
3992	40	128
3993	41	128
3994	43	128
3995	45	128
3996	47	128
3997	49	128
3998	51	128
3999	53	128
4000	55	127
4001	58	128
4002	61	128
4003	63	128
4004	66	128
4005	69	128
4006	71	128
4007	75	128
4008	78	128
4009	82	128
4010	86	128
4011	89	128
4012	94	128
4013	98	128
4014	103	128
4015	107	128
4016	111	128
4017	116	128
4018	122	128
4019	127	128
4020	131	128
4021	137	128
4022	142	128
4023	147	128
4024	151	128
4025	157	128
4026	162	128
4027	167	128
4028	171	128
4029	175	128
4030	179	128
4031	183	128
4032	187	128
4033	191	128
4034	193	128
4035	195	128
4036	196	128
4037	197	128
4038	198	128
4039	199	128
4040	198	128
4041	198	128
4042	196	128
4043	194	128
4044	192	128
4045	190	128
4046	187	128
4047	184	128
4048	181	128
4049	172	128
4050	167	128
4051	165	128
4052	164	128
4053	157	128
4054	153	128
4055	150	128
4056	145	128
4057	141	128
4058	135	128
4059	131	128
4060	128	128
4061	126	128
4062	120	128
4063	117	128
4064	111	128
4065	108	128
4066	104	127
4067	101	128
4068	98	128
4069	95	127
4070	91	128
4071	88	128
4072	85	127
4073	83	128
4074	80	128
4075	77	128
4076	75	128
4077	73	128
4078	71	128
4079	68	128
4080	67	128
4081	65	128
4082	63	128
4083	61	127
4084	59	128
4085	58	127
4086	57	128
4087	55	128
4088	54	128
4089	53	127
4090	51	128
4091	50	128
4092	49	127
4093	48	128
4094	47	127
4095	47	128
