
TIME STEP:
125 = 20us

VOLTAGE STEP:
CH1:  32 = 50mV
CH2:  32 = 15mV
GND	-4	128
N	CH1	CH2

0	188	128
1	191	128
2	189	128
3	187	128
4	186	128
5	187	127
6	187	128
7	184	128
8	181	128
9	179	128
10	178	128
11	177	128
12	175	128
13	171	128
14	168	128
15	166	128
16	163	128
17	161	128
18	160	128
19	155	128
20	152	128
21	150	128
22	148	128
23	144	128
24	142	128
25	142	128
26	138	128
27	135	128
28	133	128
29	131	128
30	129	128
31	127	128
32	125	128
33	122	128
34	121	128
35	119	128
36	117	128
37	115	128
38	114	128
39	112	128
40	111	128
41	110	128
42	109	128
43	108	128
44	107	128
45	106	128
46	105	128
47	104	129
48	104	128
49	103	128
50	103	128
51	103	128
52	102	128
53	102	128
54	102	128
55	102	128
56	102	128
57	102	128
58	102	128
59	103	128
60	103	128
61	104	128
62	105	128
63	105	128
64	106	128
65	107	128
66	108	128
67	109	128
68	110	128
69	111	128
70	113	128
71	114	128
72	116	128
73	117	127
74	118	128
75	120	128
76	122	128
77	124	128
78	126	128
79	128	128
80	130	127
81	132	127
82	134	128
83	136	128
84	138	128
85	140	128
86	143	128
87	145	128
88	148	128
89	149	128
90	151	128
91	153	128
92	155	128
93	157	128
94	160	128
95	162	128
96	163	128
97	165	128
98	166	128
99	167	128
100	169	128
101	170	128
102	171	128
103	172	128
104	173	128
105	173	128
106	173	128
107	173	128
108	173	127
109	173	128
110	173	128
111	172	128
112	171	128
113	170	128
114	169	128
115	168	128
116	167	128
117	165	128
118	163	128
119	161	128
120	160	128
121	158	127
122	157	128
123	154	128
124	152	128
125	150	128
126	148	128
127	146	128
128	144	128
129	142	128
130	140	128
131	138	127
132	135	128
133	133	128
134	131	128
135	129	128
136	127	128
137	125	128
138	123	128
139	121	128
140	120	128
141	118	128
142	116	127
143	114	128
144	113	127
145	112	128
146	110	128
147	109	128
148	108	128
149	107	128
150	105	128
151	105	128
152	103	128
153	103	128
154	102	128
155	102	128
156	101	128
157	100	128
158	100	128
159	99	128
160	99	128
161	99	128
162	99	128
163	98	128
164	98	128
165	98	128
166	99	128
167	99	128
168	99	128
169	99	128
170	100	127
171	101	128
172	101	128
173	102	128
174	102	128
175	103	128
176	104	127
177	105	128
178	105	128
179	106	128
180	108	128
181	109	128
182	111	128
183	111	128
184	113	127
185	114	128
186	117	127
187	118	128
188	115	127
189	119	127
190	118	127
191	120	128
192	120	127
193	126	127
194	132	128
195	133	127
196	134	128
197	136	127
198	136	127
199	139	127
200	144	127
201	145	127
202	147	127
203	146	127
204	149	128
205	150	128
206	153	128
207	156	128
208	158	128
209	158	127
210	159	128
211	161	127
212	163	128
213	165	127
214	167	127
215	167	127
216	167	128
217	168	127
218	169	128
219	170	128
220	171	128
221	171	128
222	171	127
223	171	128
224	171	128
225	171	128
226	171	127
227	170	128
228	170	128
229	169	128
230	169	128
231	167	128
232	166	127
233	165	128
234	164	128
235	163	128
236	161	128
237	160	128
238	158	128
239	156	128
240	155	128
241	154	128
242	152	128
243	151	128
244	149	128
245	147	128
246	145	128
247	143	128
248	142	128
249	140	128
250	138	127
251	136	127
252	135	128
253	133	128
254	132	128
255	130	128
256	129	128
257	127	128
258	126	128
259	123	127
260	122	128
261	121	128
262	120	128
263	118	128
264	117	128
265	115	128
266	114	128
267	115	128
268	115	128
269	112	128
270	109	128
271	109	128
272	110	128
273	109	128
274	107	128
275	106	128
276	105	128
277	106	128
278	106	128
279	106	128
280	103	128
281	103	128
282	104	128
283	103	128
284	103	128
285	105	128
286	102	128
287	101	128
288	103	128
289	103	128
290	103	128
291	103	128
292	105	128
293	105	128
294	106	128
295	107	128
296	106	128
297	107	128
298	109	128
299	109	128
300	110	128
301	111	128
302	112	128
303	112	128
304	113	128
305	115	127
306	116	127
307	117	128
308	119	127
309	120	128
310	121	128
311	122	128
312	124	128
313	125	128
314	127	128
315	128	128
316	129	128
317	131	128
318	133	128
319	134	128
320	135	128
321	137	128
322	137	128
323	139	128
324	140	128
325	141	128
326	142	128
327	143	128
328	143	128
329	143	128
330	143	128
331	144	128
332	144	128
333	143	128
334	142	128
335	142	128
336	141	128
337	141	128
338	140	128
339	139	128
340	137	128
341	136	128
342	135	128
343	135	128
344	134	128
345	133	128
346	133	128
347	132	128
348	131	128
349	131	128
350	130	128
351	130	128
352	130	128
353	129	128
354	129	128
355	129	128
356	129	128
357	129	128
358	128	128
359	129	128
360	129	128
361	129	128
362	129	128
363	129	128
364	129	128
365	130	128
366	130	128
367	130	128
368	131	128
369	131	128
370	131	128
371	132	129
372	132	128
373	133	128
374	133	128
375	134	127
376	134	128
377	135	128
378	135	128
379	135	128
380	136	128
381	136	128
382	137	128
383	137	128
384	137	128
385	138	128
386	138	128
387	139	128
388	139	128
389	139	128
390	139	128
391	139	128
392	139	128
393	139	128
394	140	128
395	139	128
396	140	128
397	140	128
398	139	128
399	139	128
400	139	128
401	139	128
402	139	128
403	138	128
404	138	128
405	137	128
406	137	128
407	137	128
408	136	128
409	135	128
410	135	128
411	135	128
412	134	128
413	133	128
414	133	128
415	133	128
416	132	128
417	131	128
418	131	128
419	130	128
420	129	128
421	129	128
422	128	128
423	127	128
424	127	128
425	126	128
426	125	128
427	125	128
428	124	128
429	123	128
430	123	128
431	123	128
432	122	128
433	121	128
434	121	128
435	120	128
436	119	128
437	119	128
438	118	128
439	118	128
440	117	128
441	117	128
442	116	128
443	116	128
444	115	128
445	115	128
446	114	128
447	115	128
448	115	128
449	115	128
450	114	128
451	114	128
452	114	128
453	114	128
454	115	128
455	108	128
456	107	128
457	108	128
458	112	128
459	112	128
460	111	128
461	114	128
462	114	128
463	113	127
464	113	128
465	113	128
466	115	128
467	118	128
468	117	128
469	117	128
470	116	128
471	117	128
472	117	128
473	118	128
474	119	128
475	120	128
476	119	128
477	120	128
478	120	128
479	121	127
480	123	128
481	124	128
482	124	128
483	123	128
484	124	128
485	125	128
486	126	128
487	127	128
488	127	128
489	127	128
490	128	128
491	128	128
492	129	128
493	129	128
494	131	128
495	131	128
496	131	128
497	131	128
498	131	128
499	132	128
500	132	128
501	133	128
502	133	128
503	133	128
504	133	128
505	133	128
506	133	128
507	133	128
508	133	128
509	133	128
510	133	128
511	133	128
512	133	128
513	132	128
514	132	128
515	131	128
516	131	128
517	132	128
518	131	128
519	131	128
520	130	128
521	130	128
522	129	128
523	129	128
524	129	128
525	128	128
526	128	128
527	128	128
528	128	128
529	127	128
530	127	128
531	127	128
532	127	128
533	127	128
534	129	128
535	127	128
536	125	128
537	123	128
538	125	128
539	127	128
540	127	128
541	125	128
542	124	128
543	123	128
544	125	128
545	126	128
546	126	128
547	125	128
548	124	128
549	124	128
550	124	128
551	125	128
552	127	128
553	124	128
554	124	128
555	125	128
556	125	128
557	124	128
558	125	128
559	126	128
560	125	128
561	126	128
562	126	128
563	125	128
564	126	128
565	127	128
566	127	128
567	127	127
568	127	128
569	127	128
570	127	128
571	128	128
572	128	127
573	129	128
574	129	128
575	129	128
576	129	128
577	129	128
578	129	128
579	130	127
580	130	128
581	131	128
582	131	128
583	131	128
584	131	128
585	131	128
586	131	128
587	131	128
588	132	128
589	131	128
590	132	128
591	132	128
592	132	128
593	132	128
594	132	128
595	132	128
596	132	128
597	132	128
598	132	128
599	133	128
600	132	128
601	132	128
602	133	128
603	133	128
604	133	128
605	133	128
606	132	128
607	133	128
608	132	128
609	132	128
610	133	128
611	132	128
612	132	128
613	131	128
614	132	128
615	132	128
616	132	128
617	132	128
618	131	128
619	131	128
620	131	128
621	131	128
622	131	128
623	130	128
624	130	128
625	130	128
626	130	128
627	130	128
628	129	128
629	129	128
630	128	128
631	128	128
632	127	128
633	128	128
634	127	128
635	127	128
636	127	128
637	127	128
638	126	128
639	126	128
640	126	128
641	125	128
642	125	128
643	125	128
644	125	128
645	125	128
646	125	128
647	124	128
648	124	128
649	124	128
650	124	128
651	123	128
652	123	128
653	123	128
654	123	128
655	123	128
656	123	128
657	123	128
658	123	128
659	123	128
660	123	128
661	123	128
662	123	128
663	123	128
664	123	128
665	123	128
666	124	128
667	123	128
668	123	128
669	123	128
670	124	128
671	123	128
672	124	128
673	124	128
674	124	128
675	124	128
676	124	128
677	124	128
678	125	128
679	125	128
680	124	128
681	124	128
682	124	128
683	124	128
684	125	128
685	124	128
686	124	128
687	125	128
688	124	128
689	125	128
690	125	128
691	125	128
692	125	128
693	125	128
694	125	128
695	125	128
696	125	128
697	126	128
698	125	128
699	126	128
700	126	128
701	126	128
702	126	128
703	126	128
704	127	128
705	127	128
706	127	128
707	128	128
708	128	128
709	128	128
710	128	128
711	129	128
712	128	128
713	128	128
714	129	128
715	129	128
716	129	128
717	129	128
718	129	128
719	129	128
720	130	128
721	131	128
722	125	128
723	124	128
724	128	128
725	131	128
726	130	128
727	127	128
728	129	128
729	129	128
730	129	128
731	128	128
732	127	127
733	130	128
734	133	128
735	131	128
736	131	128
737	129	128
738	129	128
739	129	128
740	131	128
741	131	128
742	131	128
743	129	128
744	129	128
745	129	128
746	129	128
747	130	128
748	130	128
749	130	128
750	129	128
751	128	127
752	128	128
753	129	128
754	129	128
755	129	128
756	129	128
757	129	128
758	128	128
759	128	128
760	128	128
761	129	128
762	129	128
763	129	128
764	129	128
765	128	128
766	128	128
767	129	128
768	129	127
769	129	128
770	129	128
771	129	128
772	129	128
773	129	128
774	129	128
775	129	128
776	129	128
777	129	128
778	129	128
779	129	128
780	129	128
781	129	128
782	129	128
783	129	127
784	129	128
785	129	128
786	129	128
787	129	128
788	129	128
789	129	128
790	129	128
791	129	127
792	129	128
793	129	127
794	129	128
795	129	128
796	129	128
797	129	128
798	129	128
799	129	128
800	131	128
801	131	128
802	129	128
803	127	127
804	126	128
805	128	128
806	130	128
807	129	128
808	127	128
809	126	128
810	126	128
811	127	128
812	129	128
813	128	128
814	127	128
815	127	128
816	126	128
817	126	128
818	127	127
819	128	127
820	127	127
821	127	128
822	128	128
823	127	128
824	127	128
825	127	128
826	127	128
827	126	128
828	127	128
829	126	128
830	125	128
831	126	128
832	127	128
833	127	128
834	127	128
835	127	128
836	126	128
837	126	128
838	126	128
839	126	128
840	126	128
841	126	128
842	126	128
843	125	128
844	125	129
845	125	128
846	125	128
847	125	128
848	125	128
849	125	128
850	125	128
851	125	128
852	124	128
853	124	128
854	124	128
855	124	128
856	124	128
857	124	128
858	124	128
859	123	128
860	123	128
861	123	128
862	123	128
863	123	128
864	123	128
865	123	128
866	123	128
867	123	128
868	123	128
869	123	128
870	123	128
871	123	128
872	123	128
873	123	128
874	123	128
875	123	128
876	123	128
877	124	128
878	124	128
879	124	128
880	124	128
881	124	128
882	124	128
883	124	128
884	125	128
885	125	128
886	125	128
887	125	128
888	126	128
889	126	128
890	126	128
891	127	128
892	127	128
893	127	128
894	128	128
895	128	128
896	129	128
897	129	128
898	130	128
899	130	128
900	131	128
901	131	128
902	131	128
903	132	128
904	133	128
905	133	128
906	134	128
907	134	128
908	134	128
909	135	128
910	136	128
911	136	128
912	137	128
913	137	128
914	138	128
915	138	128
916	138	128
917	139	128
918	139	128
919	139	128
920	140	128
921	140	128
922	140	128
923	140	128
924	140	128
925	141	128
926	141	128
927	141	128
928	142	128
929	142	128
930	142	128
931	142	128
932	142	128
933	142	128
934	142	128
935	142	128
936	141	128
937	141	128
938	141	128
939	141	128
940	140	128
941	140	128
942	140	128
943	139	128
944	139	128
945	139	128
946	138	128
947	138	128
948	137	128
949	136	128
950	136	128
951	135	128
952	135	128
953	134	128
954	134	128
955	133	128
956	133	128
957	132	128
958	132	128
959	131	128
960	130	128
961	130	128
962	129	128
963	129	128
964	128	128
965	128	128
966	127	128
967	127	128
968	126	128
969	126	128
970	126	128
971	125	128
972	125	128
973	125	128
974	124	128
975	124	128
976	123	128
977	123	128
978	123	128
979	122	128
980	122	128
981	122	128
982	122	128
983	122	128
984	122	128
985	121	128
986	121	129
987	121	128
988	123	128
989	121	128
990	120	128
991	124	128
992	124	128
993	124	128
994	120	128
995	121	127
996	121	128
997	121	128
998	120	128
999	120	128
1000	122	128
1001	125	128
1002	124	128
1003	123	128
1004	123	128
1005	123	128
1006	123	128
1007	124	128
1008	125	128
1009	126	128
1010	125	128
1011	124	128
1012	124	128
1013	125	128
1014	126	128
1015	127	128
1016	126	128
1017	125	128
1018	126	128
1019	125	128
1020	126	128
1021	127	128
1022	126	128
1023	123	127
1024	115	128
1025	131	129
1026	135	129
1027	123	127
1028	123	127
1029	130	127
1030	127	127
1031	122	128
1032	129	128
1033	131	128
1034	125	128
1035	128	128
1036	130	128
1037	125	128
1038	124	128
1039	129	128
1040	127	128
1041	125	128
1042	127	128
1043	127	128
1044	124	128
1045	125	128
1046	127	128
1047	125	128
1048	125	128
1049	127	128
1050	125	129
1051	123	128
1052	124	129
1053	123	128
1054	121	128
1055	120	128
1056	119	128
1057	116	128
1058	114	128
1059	113	129
1060	110	129
1061	109	128
1062	108	128
1063	106	129
1064	103	128
1065	101	128
1066	100	128
1067	99	128
1068	97	129
1069	93	128
1070	89	128
1071	86	128
1072	86	128
1073	84	128
1074	80	128
1075	77	128
1076	74	128
1077	71	128
1078	69	128
1079	68	128
1080	65	128
1081	62	128
1082	60	128
1083	58	128
1084	56	128
1085	54	128
1086	53	128
1087	51	128
1088	49	128
1089	47	128
1090	43	128
1091	42	128
1092	40	128
1093	39	128
1094	36	128
1095	36	128
1096	33	128
1097	31	128
1098	30	128
1099	30	128
1100	28	128
1101	27	128
1102	27	128
1103	26	128
1104	24	128
1105	24	128
1106	23	128
1107	23	128
1108	22	128
1109	21	128
1110	20	128
1111	19	128
1112	19	128
1113	19	128
1114	18	128
1115	17	128
1116	16	128
1117	16	128
1118	16	128
1119	16	128
1120	15	128
1121	15	128
1122	14	128
1123	14	128
1124	14	128
1125	14	128
1126	14	128
1127	13	128
1128	13	128
1129	13	128
1130	12	128
1131	12	128
1132	12	128
1133	12	128
1134	11	128
1135	11	128
1136	11	128
1137	11	128
1138	11	128
1139	10	128
1140	10	128
1141	10	128
1142	10	128
1143	10	128
1144	10	129
1145	10	128
1146	10	128
1147	9	128
1148	9	128
1149	9	128
1150	9	128
1151	9	128
1152	9	128
1153	9	128
1154	9	128
1155	9	128
1156	9	128
1157	9	128
1158	9	128
1159	8	128
1160	8	128
1161	8	128
1162	8	128
1163	8	128
1164	8	128
1165	8	128
1166	8	128
1167	8	128
1168	8	128
1169	8	127
1170	8	128
1171	8	128
1172	7	128
1173	7	128
1174	7	128
1175	7	128
1176	7	128
1177	7	128
1178	7	128
1179	7	128
1180	7	128
1181	7	128
1182	7	128
1183	7	128
1184	7	128
1185	7	128
1186	7	128
1187	7	128
1188	7	128
1189	6	128
1190	7	128
1191	6	128
1192	6	128
1193	6	128
1194	7	128
1195	6	128
1196	7	128
1197	7	128
1198	7	128
1199	7	128
1200	6	128
1201	6	128
1202	6	128
1203	6	128
1204	5	128
1205	6	128
1206	6	128
1207	6	128
1208	6	128
1209	6	128
1210	6	128
1211	6	128
1212	6	128
1213	6	128
1214	6	128
1215	6	128
1216	6	128
1217	6	128
1218	6	128
1219	6	128
1220	6	128
1221	6	128
1222	6	128
1223	6	128
1224	6	128
1225	6	128
1226	6	128
1227	6	128
1228	6	128
1229	6	128
1230	6	128
1231	6	128
1232	6	128
1233	6	128
1234	6	128
1235	6	128
1236	6	128
1237	6	128
1238	6	128
1239	6	128
1240	6	128
1241	6	128
1242	6	128
1243	6	128
1244	6	128
1245	6	128
1246	6	128
1247	6	128
1248	6	128
1249	6	128
1250	5	128
1251	6	128
1252	6	128
1253	6	128
1254	5	128
1255	7	128
1256	11	128
1257	10	128
1258	8	128
1259	5	128
1260	9	128
1261	6	128
1262	4	128
1263	4	128
1264	7	128
1265	5	128
1266	5	128
1267	5	128
1268	7	128
1269	6	128
1270	5	128
1271	6	128
1272	6	128
1273	5	128
1274	6	128
1275	6	128
1276	6	128
1277	6	128
1278	6	128
1279	6	128
1280	6	128
1281	7	128
1282	6	128
1283	5	128
1284	6	128
1285	6	128
1286	6	128
1287	6	128
1288	6	128
1289	6	128
1290	6	128
1291	6	128
1292	5	128
1293	5	128
1294	5	128
1295	6	128
1296	6	128
1297	6	128
1298	5	128
1299	5	128
1300	5	128
1301	6	128
1302	6	128
1303	6	128
1304	6	128
1305	6	128
1306	6	128
1307	6	128
1308	6	128
1309	6	128
1310	6	128
1311	6	128
1312	6	128
1313	6	128
1314	5	128
1315	6	128
1316	6	128
1317	6	128
1318	6	128
1319	6	128
1320	6	128
1321	6	128
1322	6	128
1323	6	128
1324	6	128
1325	6	128
1326	6	128
1327	6	128
1328	6	128
1329	7	128
1330	6	128
1331	6	128
1332	5	128
1333	6	128
1334	6	128
1335	5	128
1336	5	128
1337	5	128
1338	6	128
1339	7	128
1340	7	128
1341	6	128
1342	5	128
1343	5	128
1344	6	128
1345	6	128
1346	6	128
1347	5	128
1348	5	128
1349	6	128
1350	6	128
1351	6	128
1352	7	128
1353	5	129
1354	8	128
1355	8	128
1356	7	128
1357	4	128
1358	6	128
1359	7	128
1360	6	128
1361	5	128
1362	6	128
1363	5	128
1364	5	128
1365	6	128
1366	6	128
1367	5	128
1368	6	128
1369	6	128
1370	6	128
1371	6	128
1372	6	128
1373	6	128
1374	6	128
1375	6	128
1376	6	128
1377	6	128
1378	6	128
1379	6	128
1380	6	128
1381	6	128
1382	5	128
1383	6	128
1384	6	128
1385	5	128
1386	5	128
1387	6	128
1388	5	128
1389	5	128
1390	6	128
1391	6	128
1392	6	128
1393	6	127
1394	6	128
1395	6	127
1396	6	128
1397	6	128
1398	6	127
1399	6	128
1400	6	128
1401	5	128
1402	6	128
1403	6	128
1404	6	128
1405	6	128
1406	6	128
1407	6	128
1408	6	128
1409	6	128
1410	6	128
1411	6	128
1412	6	128
1413	6	128
1414	6	128
1415	6	128
1416	6	128
1417	6	128
1418	6	128
1419	6	128
1420	5	128
1421	6	128
1422	6	128
1423	6	128
1424	6	128
1425	6	128
1426	6	128
1427	6	128
1428	5	128
1429	5	128
1430	6	128
1431	6	128
1432	6	128
1433	6	128
1434	6	128
1435	6	128
1436	5	128
1437	5	128
1438	4	128
1439	4	128
1440	4	128
1441	5	128
1442	5	128
1443	6	128
1444	6	128
1445	7	128
1446	7	128
1447	7	128
1448	7	128
1449	7	128
1450	7	128
1451	7	128
1452	7	128
1453	6	128
1454	6	128
1455	6	128
1456	7	128
1457	7	128
1458	6	128
1459	6	128
1460	7	128
1461	7	128
1462	7	128
1463	7	128
1464	7	128
1465	7	128
1466	7	128
1467	7	128
1468	7	128
1469	7	128
1470	7	128
1471	7	128
1472	7	128
1473	7	128
1474	7	128
1475	7	128
1476	7	128
1477	7	128
1478	7	128
1479	8	128
1480	7	128
1481	7	128
1482	7	128
1483	7	128
1484	8	128
1485	7	128
1486	7	128
1487	7	128
1488	7	128
1489	7	128
1490	7	128
1491	7	128
1492	7	128
1493	7	128
1494	7	128
1495	7	128
1496	7	128
1497	7	128
1498	7	128
1499	7	128
1500	7	128
1501	7	128
1502	7	128
1503	7	128
1504	7	128
1505	7	128
1506	7	128
1507	7	128
1508	7	128
1509	6	128
1510	6	128
1511	7	128
1512	7	128
1513	7	128
1514	7	128
1515	7	128
1516	7	128
1517	7	128
1518	6	128
1519	6	128
1520	7	128
1521	5	128
1522	5	128
1523	15	128
1524	13	128
1525	7	128
1526	2	128
1527	8	128
1528	9	128
1529	8	128
1530	7	128
1531	8	128
1532	6	128
1533	7	128
1534	7	128
1535	6	128
1536	6	128
1537	5	128
1538	6	128
1539	5	128
1540	6	128
1541	6	128
1542	6	128
1543	5	128
1544	5	128
1545	6	128
1546	5	128
1547	6	128
1548	6	128
1549	6	128
1550	5	128
1551	6	128
1552	6	128
1553	6	128
1554	6	128
1555	6	127
1556	5	128
1557	6	128
1558	6	128
1559	5	128
1560	5	128
1561	5	128
1562	6	128
1563	6	128
1564	6	128
1565	6	128
1566	6	128
1567	6	128
1568	6	128
1569	6	128
1570	6	128
1571	6	128
1572	6	128
1573	5	128
1574	6	128
1575	6	128
1576	6	128
1577	6	128
1578	6	128
1579	6	128
1580	7	128
1581	7	128
1582	7	128
1583	8	128
1584	9	128
1585	9	128
1586	11	128
1587	13	128
1588	16	128
1589	21	128
1590	29	128
1591	45	128
1592	108	128
1593	245	128
1594	255	128
1595	255	128
1596	255	128
1597	255	128
1598	255	129
1599	255	129
1600	255	129
1601	255	130
1602	255	131
1603	255	130
1604	255	130
1605	255	130
1606	255	130
1607	255	129
1608	255	130
1609	255	129
1610	255	129
1611	255	129
1612	255	129
1613	188	129
1614	132	129
1615	117	128
1616	131	128
1617	145	128
1618	136	127
1619	109	128
1620	78	127
1621	61	127
1622	54	127
1623	53	127
1624	53	127
1625	55	127
1626	55	127
1627	50	127
1628	45	127
1629	41	127
1630	36	127
1631	33	127
1632	31	127
1633	29	127
1634	28	127
1635	27	127
1636	26	127
1637	24	127
1638	23	127
1639	23	127
1640	22	127
1641	21	127
1642	21	127
1643	20	127
1644	20	127
1645	19	127
1646	19	127
1647	19	127
1648	18	127
1649	18	127
1650	17	127
1651	17	127
1652	17	127
1653	16	127
1654	16	127
1655	16	127
1656	15	127
1657	15	127
1658	15	127
1659	15	127
1660	14	127
1661	15	127
1662	14	127
1663	14	127
1664	14	128
1665	14	128
1666	14	127
1667	14	128
1668	14	128
1669	14	128
1670	14	128
1671	14	128
1672	14	128
1673	14	128
1674	14	128
1675	14	128
1676	14	128
1677	15	128
1678	15	128
1679	15	128
1680	16	128
1681	16	128
1682	17	128
1683	18	128
1684	18	128
1685	20	128
1686	21	128
1687	22	128
1688	24	128
1689	27	128
1690	32	128
1691	40	129
1692	56	128
1693	78	128
1694	99	128
1695	112	128
1696	112	128
1697	109	128
1698	112	128
1699	127	128
1700	152	128
1701	179	128
1702	198	128
1703	209	128
1704	220	128
1705	239	128
1706	255	128
1707	255	128
1708	255	128
1709	255	129
1710	255	129
1711	255	129
1712	255	128
1713	255	128
1714	255	129
1715	255	128
1716	255	129
1717	255	129
1718	255	128
1719	255	129
1720	255	129
1721	255	128
1722	255	128
1723	255	128
1724	255	128
1725	255	128
1726	255	128
1727	255	128
1728	255	128
1729	255	128
1730	255	128
1731	247	128
1732	232	129
1733	217	128
1734	202	128
1735	188	127
1736	175	128
1737	163	127
1738	153	128
1739	144	127
1740	134	127
1741	125	127
1742	117	127
1743	110	128
1744	104	128
1745	98	127
1746	93	128
1747	87	127
1748	83	127
1749	79	127
1750	75	127
1751	71	127
1752	68	127
1753	65	127
1754	62	128
1755	59	127
1756	57	128
1757	55	127
1758	53	128
1759	51	127
1760	49	127
1761	48	127
1762	46	127
1763	45	128
1764	44	127
1765	43	128
1766	42	128
1767	41	128
1768	40	128
1769	40	128
1770	39	128
1771	39	128
1772	38	128
1773	38	128
1774	38	128
1775	38	128
1776	38	128
1777	37	128
1778	37	128
1779	38	128
1780	38	128
1781	38	128
1782	39	128
1783	40	128
1784	40	128
1785	40	128
1786	41	128
1787	43	128
1788	43	128
1789	42	127
1790	49	128
1791	47	128
1792	47	128
1793	45	127
1794	51	128
1795	58	128
1796	60	127
1797	61	128
1798	64	127
1799	65	127
1800	69	128
1801	75	128
1802	77	128
1803	81	128
1804	83	127
1805	89	128
1806	93	128
1807	99	128
1808	105	128
1809	112	128
1810	117	128
1811	123	128
1812	130	128
1813	138	128
1814	145	128
1815	154	128
1816	162	128
1817	169	128
1818	178	128
1819	187	128
1820	196	128
1821	206	128
1822	215	127
1823	223	128
1824	231	128
1825	240	128
1826	248	128
1827	255	128
1828	255	128
1829	255	128
1830	255	128
1831	255	128
1832	255	128
1833	255	128
1834	255	128
1835	255	128
1836	255	128
1837	255	128
1838	255	128
1839	255	128
1840	255	128
1841	255	128
1842	255	128
1843	251	128
1844	244	128
1845	237	128
1846	228	128
1847	221	128
1848	214	128
1849	207	128
1850	200	128
1851	192	128
1852	184	128
1853	176	128
1854	169	127
1855	163	127
1856	157	128
1857	151	128
1858	145	128
1859	138	127
1860	133	128
1861	127	128
1862	123	127
1863	119	128
1864	114	127
1865	110	127
1866	104	128
1867	99	127
1868	97	128
1869	97	128
1870	93	127
1871	88	127
1872	85	127
1873	84	128
1874	82	127
1875	79	128
1876	76	128
1877	74	128
1878	73	128
1879	72	128
1880	70	128
1881	67	128
1882	66	128
1883	65	128
1884	64	128
1885	64	128
1886	64	128
1887	61	128
1888	60	128
1889	60	128
1890	61	128
1891	59	128
1892	59	128
1893	61	128
1894	60	128
1895	60	128
1896	60	128
1897	60	128
1898	60	128
1899	61	128
1900	61	128
1901	62	128
1902	63	128
1903	64	128
1904	64	128
1905	65	128
1906	66	128
1907	68	128
1908	70	128
1909	71	128
1910	73	128
1911	74	128
1912	75	128
1913	78	128
1914	81	128
1915	82	128
1916	85	128
1917	87	128
1918	90	128
1919	93	128
1920	97	129
1921	100	128
1922	103	128
1923	107	128
1924	111	128
1925	114	128
1926	119	128
1927	123	128
1928	128	128
1929	133	128
1930	138	128
1931	142	128
1932	147	128
1933	152	128
1934	157	128
1935	162	128
1936	167	128
1937	173	128
1938	177	128
1939	182	128
1940	187	128
1941	192	128
1942	197	128
1943	201	128
1944	205	128
1945	208	128
1946	211	128
1947	214	128
1948	217	128
1949	219	128
1950	221	128
1951	221	128
1952	222	128
1953	222	129
1954	221	128
1955	221	128
1956	220	128
1957	218	128
1958	216	128
1959	213	128
1960	210	128
1961	207	128
1962	203	128
1963	199	128
1964	196	128
1965	191	128
1966	186	128
1967	182	128
1968	177	128
1969	173	128
1970	169	128
1971	164	128
1972	159	128
1973	155	128
1974	151	128
1975	146	128
1976	143	128
1977	138	128
1978	134	128
1979	130	128
1980	127	128
1981	123	128
1982	120	128
1983	117	128
1984	113	128
1985	111	128
1986	107	128
1987	105	128
1988	102	128
1989	100	128
1990	97	128
1991	95	128
1992	93	128
1993	91	128
1994	89	128
1995	88	128
1996	86	128
1997	85	128
1998	83	128
1999	83	128
2000	81	128
2001	80	128
2002	80	128
2003	79	128
2004	78	128
2005	77	128
2006	76	128
2007	76	128
2008	76	128
2009	76	128
2010	75	128
2011	75	128
2012	76	128
2013	76	128
2014	76	128
2015	77	128
2016	77	128
2017	77	128
2018	78	128
2019	79	128
2020	79	128
2021	80	128
2022	81	128
2023	83	128
2024	84	128
2025	85	128
2026	87	129
2027	89	128
2028	90	128
2029	92	128
2030	94	128
2031	96	128
2032	98	128
2033	100	128
2034	102	128
2035	105	128
2036	108	128
2037	110	128
2038	113	128
2039	116	128
2040	119	128
2041	122	128
2042	126	128
2043	129	128
2044	132	128
2045	136	128
2046	139	128
2047	143	127
2048	147	128
2049	151	128
2050	153	128
2051	156	128
2052	160	128
2053	164	128
2054	169	128
2055	172	128
2056	169	127
2057	171	128
2058	173	128
2059	179	128
2060	181	128
2061	184	128
2062	190	128
2063	191	128
2064	189	128
2065	190	128
2066	189	127
2067	191	128
2068	194	128
2069	191	127
2070	189	127
2071	185	127
2072	184	128
2073	181	127
2074	181	127
2075	179	127
2076	176	128
2077	171	128
2078	167	127
2079	165	128
2080	163	128
2081	161	128
2082	158	128
2083	155	128
2084	150	128
2085	147	128
2086	145	128
2087	143	128
2088	140	128
2089	138	127
2090	134	128
2091	132	128
2092	129	128
2093	127	128
2094	124	128
2095	123	128
2096	121	128
2097	119	128
2098	117	128
2099	115	128
2100	112	128
2101	111	128
2102	110	128
2103	108	128
2104	107	128
2105	106	128
2106	104	128
2107	103	128
2108	101	128
2109	100	128
2110	100	128
2111	99	128
2112	99	128
2113	98	128
2114	97	128
2115	96	128
2116	96	128
2117	96	128
2118	95	128
2119	95	128
2120	95	128
2121	95	128
2122	95	128
2123	95	128
2124	95	128
2125	95	128
2126	96	128
2127	96	128
2128	97	128
2129	98	128
2130	98	128
2131	99	128
2132	99	128
2133	101	128
2134	102	128
2135	105	128
2136	106	129
2137	105	128
2138	104	128
2139	106	128
2140	110	129
2141	111	128
2142	111	128
2143	112	128
2144	114	128
2145	116	128
2146	119	128
2147	121	128
2148	121	128
2149	123	128
2150	125	128
2151	127	128
2152	129	128
2153	133	128
2154	132	128
2155	134	128
2156	137	128
2157	139	128
2158	140	128
2159	143	128
2160	146	128
2161	147	128
2162	149	128
2163	151	128
2164	153	128
2165	155	128
2166	157	128
2167	158	128
2168	160	128
2169	161	128
2170	163	128
2171	163	128
2172	165	128
2173	166	128
2174	168	128
2175	169	128
2176	169	128
2177	169	128
2178	169	128
2179	169	128
2180	170	128
2181	170	128
2182	170	128
2183	169	128
2184	169	128
2185	168	128
2186	168	128
2187	167	128
2188	166	128
2189	165	128
2190	163	128
2191	162	128
2192	161	128
2193	161	128
2194	159	128
2195	157	128
2196	155	128
2197	153	128
2198	152	128
2199	151	128
2200	149	128
2201	147	128
2202	145	128
2203	143	128
2204	141	128
2205	140	128
2206	137	128
2207	136	128
2208	134	128
2209	133	128
2210	131	128
2211	129	128
2212	127	128
2213	125	128
2214	124	128
2215	123	128
2216	121	128
2217	119	128
2218	118	128
2219	117	128
2220	115	128
2221	115	128
2222	113	128
2223	112	128
2224	111	128
2225	110	128
2226	109	128
2227	108	128
2228	107	128
2229	107	128
2230	106	128
2231	105	128
2232	105	128
2233	105	128
2234	104	129
2235	103	128
2236	103	128
2237	103	128
2238	103	128
2239	103	128
2240	103	128
2241	103	128
2242	103	128
2243	103	128
2244	103	129
2245	103	129
2246	103	128
2247	103	128
2248	104	128
2249	105	128
2250	105	128
2251	106	128
2252	106	128
2253	107	128
2254	108	128
2255	109	128
2256	110	128
2257	111	128
2258	112	128
2259	112	128
2260	113	128
2261	114	128
2262	115	128
2263	117	128
2264	118	128
2265	119	128
2266	121	128
2267	122	128
2268	123	128
2269	125	128
2270	127	128
2271	128	128
2272	129	128
2273	131	128
2274	132	128
2275	134	127
2276	136	128
2277	137	128
2278	139	128
2279	140	128
2280	141	128
2281	143	128
2282	144	128
2283	146	128
2284	147	128
2285	149	128
2286	151	128
2287	151	128
2288	153	128
2289	154	128
2290	155	128
2291	155	128
2292	157	128
2293	157	128
2294	159	128
2295	159	128
2296	160	128
2297	160	128
2298	161	128
2299	161	128
2300	161	128
2301	161	128
2302	162	128
2303	162	128
2304	162	128
2305	161	128
2306	161	128
2307	160	128
2308	160	128
2309	159	128
2310	159	128
2311	158	128
2312	157	128
2313	157	128
2314	156	128
2315	155	128
2316	153	128
2317	152	128
2318	150	128
2319	150	128
2320	149	128
2321	148	128
2322	149	128
2323	140	128
2324	137	128
2325	140	128
2326	141	127
2327	140	128
2328	135	127
2329	136	128
2330	134	128
2331	132	127
2332	129	128
2333	128	128
2334	129	127
2335	131	128
2336	128	128
2337	126	127
2338	123	128
2339	123	128
2340	121	128
2341	121	128
2342	121	128
2343	121	128
2344	118	128
2345	117	128
2346	116	128
2347	116	128
2348	115	128
2349	115	127
2350	114	128
2351	112	128
2352	112	128
2353	112	128
2354	112	128
2355	112	128
2356	112	128
2357	111	128
2358	111	128
2359	110	128
2360	110	128
2361	110	128
2362	110	128
2363	111	128
2364	111	128
2365	111	128
2366	111	128
2367	111	128
2368	111	128
2369	112	128
2370	112	128
2371	113	128
2372	113	128
2373	114	128
2374	114	128
2375	115	128
2376	116	128
2377	117	128
2378	117	128
2379	118	128
2380	119	129
2381	119	128
2382	121	128
2383	122	128
2384	123	128
2385	124	128
2386	124	128
2387	125	128
2388	127	128
2389	128	128
2390	129	128
2391	131	128
2392	131	128
2393	132	128
2394	132	128
2395	134	128
2396	136	128
2397	136	128
2398	137	128
2399	138	128
2400	139	128
2401	142	129
2402	143	128
2403	142	128
2404	140	128
2405	139	128
2406	142	128
2407	144	128
2408	144	128
2409	143	128
2410	142	128
2411	142	128
2412	143	128
2413	145	128
2414	145	128
2415	143	128
2416	143	128
2417	143	128
2418	143	128
2419	144	128
2420	145	128
2421	143	128
2422	143	128
2423	144	128
2424	143	128
2425	143	128
2426	143	128
2427	143	128
2428	142	128
2429	143	128
2430	142	128
2431	141	128
2432	142	128
2433	143	128
2434	142	128
2435	142	128
2436	142	128
2437	142	128
2438	141	128
2439	141	128
2440	141	128
2441	141	128
2442	141	128
2443	140	128
2444	139	128
2445	139	128
2446	139	128
2447	139	128
2448	139	128
2449	139	128
2450	138	128
2451	137	128
2452	137	128
2453	137	128
2454	137	128
2455	137	128
2456	136	128
2457	135	128
2458	135	128
2459	135	128
2460	135	128
2461	135	128
2462	134	128
2463	133	128
2464	133	128
2465	133	128
2466	132	128
2467	132	128
2468	132	128
2469	131	128
2470	131	128
2471	131	128
2472	131	128
2473	130	128
2474	130	128
2475	130	128
2476	129	128
2477	129	128
2478	129	128
2479	128	128
2480	128	128
2481	128	128
2482	128	128
2483	128	128
2484	127	128
2485	127	128
2486	127	128
2487	127	128
2488	127	128
2489	127	128
2490	127	128
2491	127	128
2492	127	128
2493	127	128
2494	127	128
2495	126	128
2496	127	128
2497	127	128
2498	127	128
2499	128	128
2500	127	128
2501	127	128
2502	127	128
2503	128	128
2504	127	128
2505	128	128
2506	128	128
2507	129	128
2508	129	128
2509	129	128
2510	129	128
2511	129	128
2512	130	128
2513	130	128
2514	131	128
2515	131	128
2516	131	128
2517	131	128
2518	131	128
2519	132	128
2520	133	128
2521	133	128
2522	133	128
2523	133	128
2524	133	128
2525	134	128
2526	135	128
2527	135	128
2528	135	128
2529	135	128
2530	135	128
2531	136	128
2532	136	128
2533	137	128
2534	137	128
2535	137	128
2536	137	128
2537	137	128
2538	137	128
2539	138	128
2540	138	128
2541	138	128
2542	138	128
2543	138	128
2544	137	128
2545	138	128
2546	139	128
2547	139	128
2548	138	128
2549	138	129
2550	137	128
2551	137	128
2552	138	128
2553	138	128
2554	138	128
2555	138	128
2556	137	128
2557	137	128
2558	137	128
2559	137	128
2560	137	128
2561	137	128
2562	137	128
2563	136	128
2564	136	128
2565	136	128
2566	135	128
2567	135	128
2568	135	128
2569	134	128
2570	134	128
2571	134	128
2572	134	128
2573	134	128
2574	133	128
2575	133	128
2576	133	128
2577	132	128
2578	132	128
2579	131	128
2580	131	128
2581	131	128
2582	131	128
2583	131	128
2584	130	128
2585	129	128
2586	129	128
2587	129	128
2588	128	128
2589	130	128
2590	127	128
2591	127	128
2592	131	128
2593	130	128
2594	130	128
2595	125	128
2596	125	128
2597	125	127
2598	126	127
2599	124	128
2600	124	128
2601	125	128
2602	128	128
2603	126	128
2604	125	128
2605	124	128
2606	124	128
2607	124	128
2608	125	128
2609	125	128
2610	125	128
2611	124	128
2612	124	128
2613	123	128
2614	124	128
2615	125	128
2616	126	128
2617	125	128
2618	125	128
2619	124	128
2620	124	128
2621	125	128
2622	126	128
2623	126	128
2624	125	128
2625	125	128
2626	126	128
2627	126	128
2628	126	128
2629	127	128
2630	127	128
2631	128	128
2632	128	128
2633	128	128
2634	128	128
2635	129	128
2636	129	128
2637	129	128
2638	129	128
2639	130	128
2640	130	128
2641	131	128
2642	131	128
2643	132	128
2644	132	128
2645	133	128
2646	133	128
2647	133	128
2648	134	128
2649	135	128
2650	135	128
2651	136	128
2652	136	128
2653	136	128
2654	137	128
2655	137	128
2656	137	128
2657	138	128
2658	138	128
2659	138	128
2660	138	128
2661	139	128
2662	139	128
2663	140	128
2664	140	128
2665	140	128
2666	140	128
2667	141	128
2668	143	128
2669	142	128
2670	140	128
2671	139	128
2672	139	128
2673	142	128
2674	144	128
2675	143	128
2676	141	128
2677	140	128
2678	140	128
2679	142	128
2680	144	128
2681	143	128
2682	142	128
2683	141	128
2684	141	128
2685	141	128
2686	143	128
2687	143	128
2688	143	128
2689	143	128
2690	143	128
2691	141	128
2692	142	128
2693	143	128
2694	143	128
2695	142	128
2696	142	128
2697	141	128
2698	141	128
2699	142	128
2700	143	128
2701	143	128
2702	143	128
2703	143	128
2704	143	128
2705	143	128
2706	144	128
2707	144	128
2708	145	128
2709	145	128
2710	145	128
2711	146	128
2712	146	128
2713	147	128
2714	147	128
2715	148	128
2716	148	128
2717	149	128
2718	149	128
2719	150	128
2720	151	128
2721	151	128
2722	152	128
2723	153	128
2724	153	128
2725	153	128
2726	155	128
2727	155	128
2728	155	128
2729	156	128
2730	156	128
2731	157	128
2732	157	128
2733	157	128
2734	158	128
2735	158	128
2736	158	128
2737	159	128
2738	159	128
2739	159	128
2740	159	128
2741	158	128
2742	158	128
2743	158	128
2744	158	128
2745	157	128
2746	157	128
2747	156	128
2748	155	128
2749	154	128
2750	153	128
2751	151	128
2752	149	128
2753	147	128
2754	145	128
2755	143	128
2756	140	128
2757	137	128
2758	134	128
2759	131	128
2760	127	128
2761	124	128
2762	121	128
2763	117	128
2764	115	128
2765	112	128
2766	109	128
2767	106	128
2768	104	128
2769	101	128
2770	98	128
2771	96	128
2772	94	128
2773	93	128
2774	91	128
2775	89	128
2776	88	128
2777	87	128
2778	86	128
2779	84	128
2780	83	128
2781	83	128
2782	82	128
2783	82	128
2784	81	128
2785	81	128
2786	81	128
2787	81	128
2788	81	128
2789	81	128
2790	81	128
2791	82	128
2792	82	128
2793	83	128
2794	84	128
2795	85	128
2796	86	128
2797	87	128
2798	88	128
2799	89	128
2800	91	128
2801	92	128
2802	94	128
2803	96	128
2804	97	128
2805	99	128
2806	100	128
2807	102	128
2808	103	128
2809	105	128
2810	107	128
2811	109	128
2812	111	128
2813	113	128
2814	115	128
2815	117	128
2816	118	128
2817	120	128
2818	121	128
2819	123	128
2820	124	128
2821	126	128
2822	127	128
2823	129	128
2824	130	128
2825	131	128
2826	133	128
2827	134	128
2828	135	128
2829	136	128
2830	137	128
2831	138	128
2832	139	128
2833	140	128
2834	141	128
2835	178	129
2836	140	127
2837	121	129
2838	147	128
2839	143	129
2840	138	128
2841	144	127
2842	147	128
2843	139	127
2844	141	127
2845	148	128
2846	144	128
2847	141	127
2848	144	128
2849	141	128
2850	136	128
2851	138	128
2852	140	128
2853	134	128
2854	133	127
2855	133	128
2856	132	128
2857	135	128
2858	136	128
2859	132	128
2860	126	128
2861	129	128
2862	127	128
2863	122	128
2864	120	128
2865	121	128
2866	116	128
2867	112	128
2868	113	128
2869	112	128
2870	107	128
2871	104	128
2872	103	128
2873	99	128
2874	97	129
2875	97	128
2876	95	128
2877	92	129
2878	90	128
2879	89	128
2880	86	128
2881	84	128
2882	83	128
2883	80	128
2884	77	128
2885	75	128
2886	72	128
2887	69	128
2888	67	128
2889	64	128
2890	61	128
2891	61	128
2892	61	128
2893	59	128
2894	57	128
2895	55	128
2896	53	128
2897	52	128
2898	50	128
2899	48	128
2900	46	128
2901	44	128
2902	43	128
2903	41	128
2904	39	128
2905	37	128
2906	36	128
2907	34	128
2908	33	128
2909	32	128
2910	31	128
2911	30	128
2912	29	128
2913	28	128
2914	27	128
2915	27	128
2916	26	128
2917	25	128
2918	25	128
2919	24	128
2920	23	128
2921	22	128
2922	21	128
2923	21	128
2924	21	128
2925	20	128
2926	19	128
2927	19	128
2928	19	128
2929	18	128
2930	18	128
2931	17	128
2932	17	128
2933	16	128
2934	15	128
2935	14	128
2936	14	128
2937	13	128
2938	13	128
2939	13	128
2940	15	128
2941	15	128
2942	13	128
2943	12	128
2944	12	128
2945	13	128
2946	13	128
2947	13	128
2948	11	128
2949	11	128
2950	11	128
2951	11	128
2952	11	128
2953	11	128
2954	9	128
2955	12	128
2956	12	128
2957	11	128
2958	8	128
2959	10	128
2960	11	128
2961	10	128
2962	9	128
2963	10	128
2964	9	128
2965	9	128
2966	9	128
2967	9	128
2968	9	128
2969	9	128
2970	9	128
2971	9	128
2972	9	128
2973	9	128
2974	8	128
2975	9	128
2976	8	128
2977	8	128
2978	8	128
2979	8	128
2980	8	128
2981	8	128
2982	8	128
2983	8	128
2984	7	128
2985	7	128
2986	7	128
2987	7	128
2988	7	128
2989	7	128
2990	8	128
2991	8	128
2992	7	128
2993	7	128
2994	7	128
2995	8	128
2996	7	128
2997	7	128
2998	7	128
2999	7	128
3000	7	128
3001	7	128
3002	7	128
3003	7	128
3004	7	128
3005	7	128
3006	7	128
3007	7	128
3008	7	128
3009	7	128
3010	6	128
3011	7	128
3012	7	128
3013	7	128
3014	6	128
3015	6	128
3016	6	128
3017	7	128
3018	6	128
3019	6	128
3020	6	128
3021	6	128
3022	6	128
3023	6	128
3024	6	128
3025	6	128
3026	6	128
3027	6	128
3028	6	128
3029	6	128
3030	6	128
3031	6	128
3032	6	128
3033	6	128
3034	6	128
3035	6	128
3036	6	128
3037	6	128
3038	6	128
3039	6	128
3040	6	128
3041	6	128
3042	6	128
3043	5	128
3044	6	128
3045	6	128
3046	6	128
3047	6	128
3048	6	128
3049	6	128
3050	6	128
3051	6	128
3052	6	128
3053	6	128
3054	6	128
3055	6	128
3056	6	128
3057	6	128
3058	6	128
3059	6	128
3060	6	128
3061	6	128
3062	6	128
3063	6	128
3064	6	128
3065	6	128
3066	5	128
3067	5	128
3068	5	128
3069	6	128
3070	6	128
3071	6	128
3072	6	128
3073	5	128
3074	6	128
3075	6	128
3076	6	128
3077	6	128
3078	6	128
3079	5	128
3080	6	128
3081	6	128
3082	6	128
3083	6	128
3084	6	128
3085	6	128
3086	6	128
3087	6	128
3088	6	128
3089	6	128
3090	6	128
3091	6	128
3092	6	128
3093	6	128
3094	6	128
3095	6	128
3096	6	128
3097	6	128
3098	6	128
3099	6	128
3100	6	128
3101	6	128
3102	6	128
3103	6	128
3104	6	128
3105	6	128
3106	6	128
3107	6	128
3108	6	128
3109	6	128
3110	6	128
3111	6	128
3112	6	128
3113	6	128
3114	6	128
3115	6	128
3116	6	128
3117	6	128
3118	5	128
3119	5	128
3120	6	128
3121	7	128
3122	5	128
3123	3	128
3124	12	128
3125	10	128
3126	5	128
3127	1	128
3128	6	128
3129	10	128
3130	8	128
3131	6	128
3132	6	128
3133	4	128
3134	6	128
3135	6	128
3136	6	128
3137	6	128
3138	5	128
3139	6	128
3140	6	128
3141	5	128
3142	6	129
3143	7	128
3144	6	128
3145	6	128
3146	5	128
3147	6	128
3148	6	128
3149	6	128
3150	6	128
3151	5	128
3152	6	129
3153	6	128
3154	5	128
3155	5	128
3156	6	128
3157	5	128
3158	5	128
3159	6	128
3160	6	128
3161	5	128
3162	5	128
3163	6	128
3164	6	128
3165	6	128
3166	6	128
3167	6	129
3168	6	128
3169	6	128
3170	6	129
3171	6	128
3172	6	128
3173	6	128
3174	6	128
3175	6	128
3176	6	128
3177	6	128
3178	6	128
3179	6	128
3180	6	128
3181	6	128
3182	6	128
3183	6	128
3184	6	128
3185	6	128
3186	6	128
3187	6	128
3188	6	128
3189	6	128
3190	6	128
3191	6	128
3192	6	128
3193	6	128
3194	6	128
3195	6	128
3196	6	128
3197	6	128
3198	6	128
3199	6	128
3200	5	128
3201	4	128
3202	4	128
3203	6	128
3204	6	128
3205	6	128
3206	5	128
3207	7	128
3208	7	128
3209	5	128
3210	5	128
3211	5	128
3212	6	128
3213	6	128
3214	6	128
3215	5	128
3216	6	128
3217	6	128
3218	5	128
3219	6	128
3220	7	128
3221	3	128
3222	5	128
3223	6	128
3224	7	128
3225	4	128
3226	5	128
3227	7	128
3228	6	128
3229	6	128
3230	6	129
3231	5	128
3232	5	128
3233	6	128
3234	6	128
3235	5	128
3236	6	128
3237	6	128
3238	6	128
3239	5	128
3240	5	128
3241	5	128
3242	6	128
3243	5	128
3244	6	128
3245	6	128
3246	6	128
3247	6	128
3248	5	128
3249	5	128
3250	4	128
3251	4	128
3252	4	128
3253	4	128
3254	5	128
3255	5	128
3256	6	128
3257	6	128
3258	6	128
3259	6	128
3260	7	128
3261	7	128
3262	7	128
3263	7	128
3264	7	128
3265	7	128
3266	7	128
3267	7	128
3268	7	128
3269	7	128
3270	7	128
3271	7	128
3272	7	128
3273	7	128
3274	7	128
3275	7	128
3276	7	128
3277	7	128
3278	7	128
3279	7	128
3280	7	128
3281	7	128
3282	7	128
3283	7	128
3284	8	127
3285	7	128
3286	7	128
3287	7	128
3288	8	128
3289	8	128
3290	7	128
3291	7	128
3292	8	128
3293	7	128
3294	7	128
3295	7	128
3296	8	128
3297	7	128
3298	7	128
3299	7	128
3300	8	128
3301	7	128
3302	7	128
3303	7	128
3304	7	128
3305	7	128
3306	7	128
3307	8	128
3308	7	128
3309	7	128
3310	7	127
3311	7	127
3312	7	128
3313	7	128
3314	7	128
3315	7	128
3316	7	128
3317	7	128
3318	7	128
3319	7	128
3320	7	128
3321	7	128
3322	7	128
3323	7	128
3324	7	128
3325	7	128
3326	7	128
3327	6	128
3328	7	128
3329	7	128
3330	7	128
3331	6	128
3332	6	128
3333	6	128
3334	6	128
3335	6	128
3336	6	127
3337	6	128
3338	6	128
3339	6	128
3340	6	128
3341	6	128
3342	6	128
3343	6	127
3344	6	128
3345	6	127
3346	6	128
3347	6	127
3348	6	128
3349	6	127
3350	6	127
3351	5	127
3352	6	127
3353	6	128
3354	5	127
3355	6	128
3356	6	127
3357	6	127
3358	5	128
3359	6	127
3360	5	127
3361	6	127
3362	6	128
3363	6	127
3364	6	128
3365	5	128
3366	5	127
3367	6	128
3368	6	128
3369	6	128
3370	5	127
3371	6	127
3372	6	127
3373	6	127
3374	5	128
3375	5	127
3376	5	127
3377	6	128
3378	6	127
3379	5	127
3380	6	127
3381	6	128
3382	6	128
3383	6	128
3384	7	128
3385	6	128
3386	7	128
3387	7	127
3388	9	127
3389	9	128
3390	6	128
3391	11	127
3392	11	127
3393	15	128
3394	19	127
3395	34	127
3396	70	128
3397	176	128
3398	255	128
3399	255	128
3400	255	128
3401	255	128
3402	255	128
3403	255	129
3404	255	129
3405	255	130
3406	255	130
3407	255	130
3408	255	130
3409	255	129
3410	255	129
3411	255	129
3412	255	129
3413	255	129
3414	255	129
3415	255	129
3416	210	128
3417	152	128
3418	135	128
3419	149	128
3420	162	128
3421	152	128
3422	122	128
3423	92	127
3424	74	127
3425	68	127
3426	71	127
3427	76	127
3428	77	127
3429	73	127
3430	65	127
3431	58	127
3432	52	127
3433	48	127
3434	46	127
3435	45	127
3436	45	127
3437	44	127
3438	43	127
3439	41	127
3440	39	127
3441	38	127
3442	37	127
3443	35	127
3444	35	127
3445	34	127
3446	34	127
3447	34	127
3448	33	127
3449	33	127
3450	34	128
3451	34	127
3452	34	127
3453	34	127
3454	35	127
3455	35	127
3456	35	127
3457	36	127
3458	37	128
3459	38	128
3460	39	127
3461	40	128
3462	42	128
3463	44	128
3464	45	128
3465	48	128
3466	51	128
3467	53	127
3468	55	128
3469	60	127
3470	65	128
3471	67	128
3472	70	128
3473	74	128
3474	81	128
3475	87	128
3476	90	128
3477	96	128
3478	103	128
3479	111	128
3480	120	128
3481	129	129
3482	136	128
3483	145	128
3484	155	128
3485	165	128
3486	176	128
3487	189	128
3488	196	128
3489	206	128
3490	219	128
3491	231	128
3492	241	128
3493	251	128
3494	255	128
3495	255	128
3496	255	128
3497	255	128
3498	255	128
3499	255	128
3500	255	128
3501	255	128
3502	255	128
3503	255	128
3504	255	128
3505	255	129
3506	255	128
3507	255	128
3508	255	128
3509	255	128
3510	253	128
3511	244	128
3512	234	128
3513	225	128
3514	216	128
3515	209	128
3516	201	128
3517	193	128
3518	185	128
3519	177	128
3520	170	128
3521	164	128
3522	159	128
3523	153	128
3524	146	127
3525	141	128
3526	135	127
3527	131	127
3528	127	127
3529	123	127
3530	119	127
3531	115	128
3532	111	127
3533	108	128
3534	105	127
3535	103	128
3536	101	128
3537	98	128
3538	96	128
3539	93	128
3540	91	128
3541	89	128
3542	88	128
3543	87	128
3544	86	128
3545	85	128
3546	84	128
3547	83	128
3548	82	128
3549	81	128
3550	80	128
3551	79	128
3552	80	128
3553	79	128
3554	79	128
3555	79	128
3556	79	128
3557	80	128
3558	80	128
3559	81	128
3560	81	128
3561	81	128
3562	82	128
3563	83	128
3564	83	128
3565	84	128
3566	85	128
3567	86	128
3568	88	128
3569	89	128
3570	90	128
3571	92	128
3572	94	128
3573	96	128
3574	98	128
3575	100	128
3576	102	128
3577	104	128
3578	106	128
3579	108	128
3580	111	128
3581	113	128
3582	116	128
3583	119	128
3584	122	128
3585	125	128
3586	127	128
3587	131	128
3588	134	128
3589	137	128
3590	140	128
3591	143	128
3592	146	128
3593	149	128
3594	152	128
3595	155	128
3596	158	128
3597	161	128
3598	164	128
3599	166	128
3600	168	128
3601	170	128
3602	172	128
3603	174	128
3604	177	128
3605	178	128
3606	179	128
3607	180	128
3608	181	128
3609	181	128
3610	182	128
3611	183	128
3612	182	128
3613	181	128
3614	181	128
3615	180	128
3616	179	128
3617	178	128
3618	177	128
3619	175	128
3620	173	128
3621	171	128
3622	169	128
3623	166	128
3624	164	128
3625	161	128
3626	159	128
3627	155	128
3628	153	128
3629	150	128
3630	148	128
3631	145	128
3632	143	128
3633	140	128
3634	137	128
3635	135	128
3636	133	128
3637	131	128
3638	129	128
3639	126	128
3640	124	128
3641	123	128
3642	121	128
3643	119	128
3644	117	128
3645	115	128
3646	113	128
3647	112	128
3648	111	128
3649	110	128
3650	109	128
3651	107	128
3652	106	128
3653	105	128
3654	104	128
3655	104	128
3656	105	128
3657	97	128
3658	95	128
3659	96	128
3660	99	128
3661	98	128
3662	97	128
3663	100	128
3664	99	128
3665	101	128
3666	98	128
3667	97	128
3668	101	128
3669	103	128
3670	102	128
3671	103	128
3672	101	128
3673	102	128
3674	103	128
3675	104	128
3676	106	128
3677	107	128
3678	107	128
3679	108	128
3680	108	128
3681	110	128
3682	111	128
3683	114	127
3684	115	128
3685	115	128
3686	117	127
3687	119	128
3688	120	127
3689	121	128
3690	123	128
3691	124	128
3692	126	128
3693	128	127
3694	130	128
3695	132	128
3696	133	127
3697	135	128
3698	136	128
3699	138	128
3700	140	128
3701	141	128
3702	143	128
3703	144	128
3704	145	128
3705	147	128
3706	148	128
3707	149	128
3708	150	128
3709	151	128
3710	152	128
3711	153	128
3712	154	128
3713	155	128
3714	155	128
3715	155	128
3716	156	128
3717	156	128
3718	156	127
3719	156	128
3720	155	128
3721	155	128
3722	155	128
3723	155	128
3724	154	128
3725	153	128
3726	152	128
3727	151	128
3728	150	128
3729	149	128
3730	149	128
3731	148	128
3732	146	128
3733	145	128
3734	144	128
3735	144	128
3736	144	128
3737	141	128
3738	138	128
3739	135	128
3740	135	128
3741	137	128
3742	135	128
3743	131	128
3744	129	128
3745	128	128
3746	128	128
3747	129	128
3748	127	128
3749	124	128
3750	123	128
3751	123	128
3752	121	128
3753	122	128
3754	122	128
3755	118	128
3756	118	128
3757	119	128
3758	117	128
3759	116	128
3760	115	128
3761	116	128
3762	114	128
3763	115	128
3764	114	128
3765	113	128
3766	113	128
3767	114	128
3768	113	128
3769	113	128
3770	113	128
3771	112	128
3772	112	127
3773	112	128
3774	113	128
3775	113	128
3776	113	128
3777	113	128
3778	113	128
3779	114	128
3780	115	128
3781	115	128
3782	116	128
3783	116	128
3784	116	128
3785	116	128
3786	117	128
3787	118	128
3788	119	128
3789	120	128
3790	121	128
3791	121	128
3792	122	128
3793	122	128
3794	123	128
3795	125	128
3796	126	128
3797	127	128
3798	128	128
3799	128	128
3800	129	128
3801	130	128
3802	131	128
3803	132	128
3804	133	128
3805	134	128
3806	135	128
3807	136	128
3808	137	128
3809	137	128
3810	138	128
3811	140	128
3812	141	129
3813	141	128
3814	142	128
3815	143	128
3816	143	128
3817	143	128
3818	145	128
3819	145	128
3820	146	128
3821	147	128
3822	147	128
3823	147	128
3824	147	128
3825	147	128
3826	148	128
3827	148	128
3828	148	128
3829	148	128
3830	148	128
3831	148	128
3832	149	128
3833	149	128
3834	148	128
3835	148	128
3836	147	128
3837	147	128
3838	147	128
3839	147	128
3840	147	128
3841	146	128
3842	145	128
3843	144	128
3844	144	128
3845	144	128
3846	143	127
3847	143	128
3848	141	128
3849	141	128
3850	140	128
3851	140	128
3852	139	128
3853	138	128
3854	137	128
3855	137	128
3856	136	128
3857	135	128
3858	135	128
3859	134	128
3860	133	128
3861	132	128
3862	131	128
3863	131	128
3864	130	128
3865	129	128
3866	128	128
3867	128	128
3868	127	128
3869	127	128
3870	126	128
3871	126	128
3872	125	128
3873	125	128
3874	124	128
3875	123	128
3876	123	128
3877	123	128
3878	122	128
3879	122	128
3880	122	128
3881	121	128
3882	121	128
3883	121	128
3884	121	128
3885	120	128
3886	120	128
3887	120	128
3888	120	128
3889	120	128
3890	120	128
3891	120	128
3892	120	128
3893	120	128
3894	120	128
3895	121	128
3896	121	128
3897	121	128
3898	121	128
3899	121	128
3900	122	128
3901	122	128
3902	122	128
3903	123	128
3904	123	128
3905	124	128
3906	124	128
3907	125	128
3908	125	128
3909	126	128
3910	127	128
3911	127	128
3912	128	128
3913	129	128
3914	129	127
3915	129	128
3916	131	128
3917	132	128
3918	132	128
3919	133	128
3920	134	128
3921	134	128
3922	135	128
3923	139	128
3924	135	128
3925	135	128
3926	139	128
3927	143	128
3928	143	128
3929	140	128
3930	143	128
3931	142	128
3932	145	128
3933	143	128
3934	145	128
3935	148	127
3936	151	128
3937	151	128
3938	151	128
3939	149	127
3940	151	128
3941	152	128
3942	153	128
3943	156	128
3944	156	128
3945	155	128
3946	154	128
3947	155	128
3948	156	128
3949	157	128
3950	158	128
3951	158	128
3952	156	128
3953	157	128
3954	157	128
3955	158	128
3956	159	127
3957	158	128
3958	157	128
3959	157	128
3960	157	128
3961	157	128
3962	157	128
3963	157	128
3964	157	128
3965	156	128
3966	155	128
3967	155	128
3968	155	128
3969	155	128
3970	154	128
3971	154	128
3972	153	128
3973	153	128
3974	152	128
3975	151	128
3976	151	128
3977	150	128
3978	149	128
3979	149	128
3980	148	128
3981	147	128
3982	146	128
3983	145	128
3984	145	127
3985	143	128
3986	143	128
3987	141	127
3988	141	128
3989	140	127
3990	139	128
3991	137	128
3992	136	128
3993	135	128
3994	134	128
3995	133	128
3996	132	128
3997	131	128
3998	129	128
3999	128	128
4000	127	128
4001	126	128
4002	127	128
4003	125	128
4004	123	128
4005	120	128
4006	120	128
4007	120	128
4008	122	128
4009	120	128
4010	117	128
4011	116	128
4012	116	128
4013	117	128
4014	117	128
4015	116	128
4016	113	128
4017	114	128
4018	114	128
4019	113	128
4020	115	128
4021	116	128
4022	115	128
4023	115	128
4024	116	128
4025	114	128
4026	115	128
4027	116	128
4028	116	128
4029	115	128
4030	117	128
4031	116	128
4032	117	128
4033	117	128
4034	119	128
4035	119	128
4036	120	128
4037	121	128
4038	121	128
4039	122	128
4040	123	128
4041	125	128
4042	126	128
4043	127	128
4044	127	128
4045	127	128
4046	128	128
4047	130	128
4048	131	128
4049	133	128
4050	133	128
4051	134	128
4052	135	128
4053	136	128
4054	137	128
4055	138	128
4056	139	128
4057	140	128
4058	141	128
4059	141	128
4060	143	128
4061	144	127
4062	144	128
4063	144	128
4064	145	128
4065	145	128
4066	146	128
4067	147	128
4068	147	128
4069	148	128
4070	148	128
4071	148	128
4072	148	128
4073	148	128
4074	149	128
4075	149	128
4076	148	128
4077	148	128
4078	148	128
4079	148	128
4080	148	128
4081	147	128
4082	146	128
4083	146	128
4084	145	128
4085	145	128
4086	144	128
4087	143	128
4088	143	128
4089	142	128
4090	141	128
4091	140	128
4092	140	128
4093	139	127
4094	138	128
4095	137	128
