
TIME STEP:
125 = 20us

VOLTAGE STEP:
CH1:  32 = 50mV
CH2:  32 = 15mV
GND	-6	128
N	CH1	CH2

0	255	128
1	255	128
2	255	128
3	255	128
4	255	128
5	255	128
6	255	128
7	255	128
8	255	128
9	255	128
10	255	128
11	255	128
12	255	128
13	255	128
14	255	128
15	252	128
16	242	128
17	234	128
18	224	128
19	214	128
20	205	128
21	195	128
22	187	128
23	179	128
24	171	128
25	163	128
26	155	128
27	148	128
28	141	128
29	135	128
30	130	128
31	124	128
32	119	128
33	114	128
34	110	128
35	106	128
36	102	128
37	98	128
38	95	128
39	92	128
40	89	128
41	87	128
42	86	128
43	83	128
44	81	128
45	79	128
46	77	128
47	75	128
48	74	128
49	73	128
50	72	128
51	71	128
52	71	128
53	69	128
54	69	128
55	68	128
56	68	128
57	69	128
58	69	128
59	69	128
60	69	128
61	70	128
62	70	128
63	70	128
64	71	128
65	72	128
66	73	128
67	73	128
68	74	128
69	76	128
70	78	128
71	79	128
72	81	128
73	83	128
74	85	128
75	87	128
76	90	128
77	93	128
78	95	128
79	98	128
80	101	128
81	105	128
82	108	128
83	112	128
84	115	128
85	119	128
86	124	128
87	129	128
88	133	128
89	138	128
90	143	128
91	148	128
92	153	128
93	159	128
94	163	128
95	171	128
96	177	128
97	179	128
98	192	128
99	195	128
100	203	128
101	200	128
102	207	128
103	211	127
104	217	128
105	221	128
106	225	128
107	227	127
108	232	128
109	233	128
110	236	128
111	237	128
112	237	128
113	239	128
114	239	128
115	238	128
116	237	128
117	235	128
118	232	128
119	231	127
120	227	128
121	225	128
122	220	128
123	217	128
124	212	128
125	208	128
126	203	127
127	199	127
128	194	128
129	189	127
130	184	128
131	179	128
132	174	128
133	169	128
134	164	127
135	159	128
136	155	128
137	151	128
138	146	128
139	142	128
140	137	128
141	133	128
142	130	128
143	127	128
144	123	128
145	120	128
146	117	127
147	113	128
148	111	128
149	108	127
150	106	128
151	103	128
152	101	128
153	99	128
154	97	128
155	95	128
156	94	128
157	93	128
158	91	128
159	90	128
160	89	128
161	88	128
162	87	128
163	86	128
164	86	128
165	85	128
166	85	128
167	85	128
168	85	128
169	86	128
170	86	128
171	85	128
172	85	128
173	86	128
174	86	128
175	88	128
176	88	128
177	88	128
178	88	128
179	91	128
180	92	128
181	94	128
182	95	128
183	97	128
184	99	128
185	101	127
186	103	128
187	105	128
188	107	128
189	110	128
190	112	128
191	115	128
192	117	128
193	120	128
194	124	128
195	128	128
196	131	128
197	133	128
198	135	128
199	141	128
200	145	128
201	149	128
202	152	128
203	156	128
204	159	128
205	163	128
206	166	128
207	171	128
208	175	128
209	178	128
210	181	128
211	185	128
212	189	128
213	192	128
214	195	128
215	197	128
216	199	128
217	201	128
218	204	128
219	206	128
220	208	128
221	209	128
222	209	128
223	209	128
224	209	128
225	209	128
226	210	128
227	209	128
228	207	128
229	205	128
230	203	128
231	201	128
232	200	128
233	198	128
234	195	128
235	192	128
236	189	128
237	186	128
238	183	128
239	180	128
240	177	128
241	173	128
242	169	128
243	166	128
244	163	128
245	161	128
246	157	128
247	154	128
248	150	128
249	147	128
250	144	128
251	141	127
252	139	128
253	136	128
254	133	128
255	131	127
256	128	128
257	126	128
258	124	128
259	122	128
260	120	128
261	118	128
262	115	128
263	113	128
264	112	128
265	111	128
266	110	127
267	108	128
268	107	128
269	106	128
270	105	128
271	104	128
272	103	128
273	103	128
274	102	128
275	101	128
276	101	128
277	101	128
278	101	128
279	101	128
280	101	128
281	101	128
282	101	128
283	101	128
284	101	128
285	102	129
286	102	128
287	103	128
288	103	128
289	104	128
290	105	128
291	106	128
292	107	128
293	109	128
294	110	128
295	111	128
296	112	128
297	114	128
298	115	128
299	117	128
300	119	128
301	121	128
302	123	128
303	125	128
304	126	128
305	129	128
306	131	128
307	133	128
308	136	128
309	138	128
310	141	128
311	143	128
312	145	128
313	147	128
314	150	128
315	152	128
316	154	128
317	156	128
318	157	128
319	158	128
320	159	128
321	160	128
322	160	128
323	160	128
324	159	128
325	157	128
326	155	128
327	154	128
328	153	128
329	153	128
330	151	128
331	151	128
332	150	128
333	150	128
334	150	128
335	150	128
336	151	128
337	151	128
338	151	128
339	152	128
340	153	128
341	154	128
342	154	128
343	155	128
344	155	128
345	156	128
346	157	128
347	158	128
348	158	128
349	159	128
350	159	128
351	159	128
352	159	128
353	160	128
354	161	128
355	161	128
356	161	128
357	161	128
358	160	128
359	163	128
360	162	128
361	158	128
362	165	128
363	164	128
364	165	128
365	156	128
366	158	128
367	157	128
368	156	128
369	157	128
370	156	128
371	154	128
372	155	128
373	153	128
374	153	128
375	153	128
376	151	128
377	152	128
378	150	128
379	150	128
380	149	128
381	149	128
382	147	128
383	146	128
384	145	128
385	145	128
386	143	128
387	143	128
388	142	128
389	142	128
390	141	128
391	140	128
392	139	128
393	139	128
394	138	128
395	138	128
396	137	128
397	137	128
398	136	128
399	136	128
400	135	128
401	135	128
402	135	128
403	134	128
404	134	128
405	134	128
406	133	128
407	133	128
408	133	128
409	133	128
410	133	128
411	133	128
412	133	127
413	133	128
414	133	127
415	134	128
416	133	127
417	133	128
418	133	128
419	134	128
420	134	128
421	134	128
422	135	128
423	135	128
424	135	128
425	136	128
426	136	128
427	137	128
428	138	128
429	139	128
430	139	128
431	140	128
432	140	128
433	141	128
434	142	128
435	142	128
436	143	128
437	144	128
438	144	128
439	146	128
440	146	128
441	145	128
442	145	128
443	148	128
444	149	128
445	150	128
446	151	128
447	151	128
448	151	128
449	153	128
450	154	128
451	155	128
452	154	128
453	155	128
454	156	128
455	156	128
456	156	128
457	157	128
458	158	128
459	161	128
460	160	128
461	160	128
462	158	128
463	160	128
464	161	128
465	160	128
466	160	128
467	160	128
468	160	128
469	161	128
470	159	128
471	160	128
472	159	128
473	159	128
474	159	128
475	159	128
476	159	128
477	159	128
478	158	128
479	158	128
480	157	128
481	157	128
482	156	128
483	155	128
484	155	128
485	154	128
486	153	128
487	153	128
488	153	128
489	152	128
490	151	128
491	150	128
492	150	128
493	149	128
494	149	128
495	148	128
496	147	128
497	146	128
498	146	128
499	145	128
500	144	128
501	143	128
502	143	128
503	142	128
504	141	128
505	141	128
506	140	128
507	140	128
508	139	128
509	139	128
510	138	128
511	138	128
512	137	128
513	136	128
514	136	128
515	136	128
516	135	128
517	135	128
518	135	127
519	134	128
520	134	128
521	133	128
522	133	128
523	133	128
524	133	128
525	133	128
526	133	128
527	133	128
528	133	128
529	133	128
530	133	128
531	132	128
532	132	128
533	133	128
534	133	128
535	133	128
536	133	128
537	133	128
538	134	128
539	134	128
540	135	128
541	135	128
542	135	128
543	136	128
544	136	128
545	137	128
546	137	128
547	137	128
548	138	128
549	138	128
550	138	128
551	139	128
552	140	128
553	140	128
554	141	128
555	142	128
556	143	128
557	143	128
558	144	128
559	145	128
560	145	128
561	146	127
562	147	128
563	147	128
564	148	128
565	149	128
566	149	128
567	149	128
568	150	128
569	151	128
570	152	128
571	152	128
572	152	128
573	153	128
574	153	128
575	154	128
576	155	128
577	155	128
578	155	128
579	155	128
580	156	128
581	156	128
582	157	128
583	157	128
584	157	128
585	157	128
586	157	128
587	157	128
588	158	128
589	158	128
590	158	128
591	157	128
592	158	128
593	158	128
594	158	128
595	158	128
596	158	128
597	157	128
598	157	128
599	157	128
600	157	128
601	157	128
602	157	128
603	156	128
604	156	128
605	156	128
606	156	128
607	156	128
608	155	128
609	155	128
610	155	128
611	155	128
612	155	128
613	154	128
614	154	128
615	154	128
616	153	128
617	154	128
618	153	129
619	153	128
620	153	128
621	153	128
622	153	128
623	155	128
624	155	128
625	151	128
626	158	128
627	157	128
628	159	128
629	151	128
630	153	128
631	153	128
632	154	128
633	155	128
634	155	128
635	154	128
636	156	128
637	156	128
638	157	128
639	157	128
640	157	128
641	159	128
642	159	128
643	160	128
644	161	128
645	162	128
646	162	128
647	163	128
648	164	128
649	165	128
650	165	128
651	166	128
652	167	128
653	168	128
654	169	128
655	170	128
656	169	128
657	170	128
658	170	128
659	171	128
660	171	128
661	172	128
662	172	128
663	172	128
664	172	128
665	172	128
666	172	128
667	173	128
668	172	128
669	171	128
670	170	128
671	170	128
672	170	128
673	169	128
674	168	128
675	166	128
676	165	128
677	163	128
678	161	128
679	157	128
680	152	128
681	146	128
682	139	128
683	132	128
684	126	128
685	120	128
686	116	128
687	112	128
688	109	128
689	107	128
690	105	128
691	103	128
692	102	128
693	101	128
694	100	128
695	99	128
696	99	128
697	99	128
698	99	128
699	99	128
700	99	128
701	99	128
702	100	128
703	101	128
704	102	128
705	101	128
706	101	128
707	103	128
708	104	128
709	106	128
710	107	128
711	109	128
712	110	128
713	112	128
714	113	128
715	114	128
716	116	128
717	118	128
718	119	128
719	121	127
720	122	127
721	124	128
722	127	127
723	130	128
724	132	128
725	133	128
726	133	128
727	136	128
728	138	128
729	139	128
730	141	128
731	143	128
732	144	128
733	146	128
734	146	128
735	149	128
736	150	128
737	152	128
738	153	128
739	154	128
740	154	128
741	155	128
742	156	128
743	156	128
744	156	128
745	156	128
746	157	128
747	156	128
748	156	127
749	155	128
750	155	128
751	154	128
752	154	127
753	153	128
754	153	128
755	151	128
756	150	128
757	148	128
758	147	127
759	146	128
760	145	128
761	143	127
762	142	127
763	140	127
764	139	127
765	136	127
766	135	127
767	134	127
768	133	127
769	132	128
770	130	127
771	129	127
772	127	127
773	126	127
774	125	127
775	124	127
776	123	127
777	122	127
778	121	128
779	120	127
780	120	128
781	119	128
782	119	127
783	118	127
784	117	127
785	117	128
786	117	128
787	116	127
788	116	128
789	116	127
790	116	127
791	116	127
792	116	127
793	116	128
794	116	127
795	116	128
796	117	128
797	117	128
798	118	128
799	118	128
800	119	128
801	120	128
802	121	128
803	122	128
804	122	128
805	123	128
806	124	128
807	125	128
808	126	128
809	127	128
810	128	128
811	129	128
812	131	128
813	131	128
814	133	128
815	134	128
816	135	128
817	137	128
818	138	128
819	139	128
820	140	128
821	141	128
822	143	128
823	144	128
824	145	128
825	146	128
826	147	128
827	147	128
828	148	128
829	148	128
830	149	128
831	149	128
832	149	128
833	149	128
834	148	128
835	148	128
836	147	128
837	147	128
838	146	128
839	145	128
840	144	129
841	143	128
842	142	128
843	141	128
844	140	128
845	139	128
846	138	128
847	138	128
848	137	128
849	136	128
850	135	128
851	135	128
852	134	128
853	133	128
854	133	128
855	134	128
856	134	128
857	134	128
858	134	128
859	134	128
860	134	128
861	133	128
862	133	128
863	133	128
864	133	128
865	133	128
866	132	128
867	131	129
868	131	128
869	130	128
870	129	128
871	128	128
872	128	128
873	128	128
874	128	128
875	127	128
876	127	128
877	125	128
878	124	128
879	124	128
880	124	128
881	123	128
882	123	128
883	123	128
884	123	128
885	123	128
886	124	128
887	126	128
888	126	128
889	122	128
890	131	128
891	131	128
892	133	128
893	127	128
894	129	128
895	130	128
896	131	128
897	134	128
898	134	128
899	135	128
900	137	128
901	136	128
902	137	128
903	138	128
904	139	128
905	141	128
906	141	128
907	142	128
908	143	128
909	144	128
910	144	128
911	145	128
912	145	128
913	147	128
914	146	128
915	148	128
916	147	128
917	148	128
918	147	128
919	148	128
920	147	128
921	148	128
922	146	128
923	146	128
924	145	128
925	145	128
926	145	128
927	145	128
928	145	128
929	144	128
930	144	128
931	143	128
932	143	128
933	143	127
934	143	127
935	142	127
936	142	128
937	141	128
938	140	128
939	139	128
940	138	128
941	137	128
942	136	128
943	135	128
944	133	128
945	133	128
946	132	127
947	132	128
948	131	128
949	131	128
950	130	128
951	129	128
952	130	127
953	131	128
954	132	128
955	132	128
956	133	128
957	133	128
958	134	128
959	135	128
960	136	128
961	137	128
962	139	128
963	140	128
964	141	128
965	142	128
966	144	128
967	147	128
968	149	128
969	150	128
970	150	128
971	153	128
972	155	128
973	159	128
974	161	128
975	163	128
976	164	128
977	166	128
978	167	128
979	169	128
980	171	128
981	173	128
982	175	128
983	176	128
984	177	128
985	178	128
986	180	128
987	183	128
988	183	128
989	183	128
990	181	128
991	183	128
992	183	128
993	183	128
994	183	128
995	183	128
996	182	128
997	181	128
998	180	128
999	181	128
1000	180	128
1001	180	128
1002	179	128
1003	178	128
1004	178	128
1005	177	128
1006	178	128
1007	178	128
1008	178	128
1009	177	128
1010	177	128
1011	176	128
1012	176	128
1013	175	128
1014	175	128
1015	174	128
1016	173	128
1017	172	128
1018	172	128
1019	171	128
1020	171	128
1021	170	128
1022	181	128
1023	163	127
1024	158	129
1025	169	128
1026	169	128
1027	159	129
1028	164	127
1029	166	127
1030	160	128
1031	159	128
1032	164	128
1033	163	128
1034	157	128
1035	158	128
1036	157	128
1037	152	128
1038	151	128
1039	153	128
1040	151	128
1041	146	128
1042	145	128
1043	145	128
1044	142	128
1045	142	128
1046	142	128
1047	140	128
1048	137	128
1049	136	128
1050	135	128
1051	133	128
1052	132	128
1053	131	128
1054	129	128
1055	126	128
1056	124	128
1057	122	128
1058	119	128
1059	117	128
1060	115	128
1061	113	128
1062	111	128
1063	109	128
1064	107	128
1065	105	128
1066	102	128
1067	100	128
1068	99	128
1069	97	128
1070	95	128
1071	93	128
1072	90	128
1073	87	128
1074	85	128
1075	83	128
1076	81	128
1077	79	128
1078	76	128
1079	73	128
1080	70	128
1081	68	128
1082	66	128
1083	64	128
1084	62	128
1085	59	128
1086	57	128
1087	55	128
1088	53	128
1089	51	128
1090	50	128
1091	48	128
1092	46	128
1093	45	128
1094	43	128
1095	41	128
1096	39	128
1097	38	128
1098	37	128
1099	35	128
1100	34	128
1101	33	128
1102	31	128
1103	30	128
1104	29	128
1105	28	128
1106	27	128
1107	26	128
1108	26	128
1109	25	128
1110	24	128
1111	23	128
1112	23	128
1113	22	128
1114	21	128
1115	21	128
1116	20	128
1117	20	128
1118	19	128
1119	19	128
1120	18	128
1121	18	128
1122	17	128
1123	17	128
1124	16	128
1125	16	128
1126	15	128
1127	15	128
1128	15	128
1129	15	128
1130	14	128
1131	14	128
1132	14	128
1133	13	128
1134	13	128
1135	13	128
1136	13	128
1137	12	128
1138	12	128
1139	12	128
1140	12	128
1141	11	128
1142	11	128
1143	11	128
1144	11	128
1145	11	128
1146	11	128
1147	11	128
1148	10	128
1149	10	128
1150	9	128
1151	11	128
1152	9	128
1153	2	128
1154	11	128
1155	13	128
1156	12	128
1157	5	128
1158	8	127
1159	7	128
1160	8	128
1161	9	128
1162	8	128
1163	8	128
1164	9	128
1165	8	128
1166	8	128
1167	8	128
1168	7	128
1169	8	128
1170	8	128
1171	8	128
1172	8	128
1173	8	128
1174	7	128
1175	8	128
1176	7	128
1177	8	128
1178	7	128
1179	8	128
1180	7	128
1181	8	128
1182	7	128
1183	7	128
1184	7	128
1185	7	128
1186	7	128
1187	7	128
1188	7	128
1189	7	128
1190	7	128
1191	7	128
1192	7	128
1193	7	128
1194	7	128
1195	7	128
1196	7	128
1197	7	128
1198	7	128
1199	7	128
1200	7	128
1201	7	128
1202	6	128
1203	6	128
1204	6	128
1205	6	128
1206	6	128
1207	6	128
1208	6	128
1209	6	128
1210	6	128
1211	6	128
1212	6	128
1213	6	128
1214	6	128
1215	6	128
1216	6	128
1217	6	128
1218	5	128
1219	6	128
1220	6	128
1221	6	128
1222	6	128
1223	6	128
1224	5	128
1225	6	128
1226	6	128
1227	6	128
1228	5	128
1229	5	128
1230	6	128
1231	7	128
1232	7	128
1233	6	128
1234	5	128
1235	6	128
1236	5	128
1237	6	128
1238	5	128
1239	5	128
1240	5	128
1241	6	128
1242	5	128
1243	5	128
1244	5	128
1245	5	128
1246	5	128
1247	5	128
1248	5	128
1249	5	128
1250	6	128
1251	8	128
1252	7	128
1253	6	127
1254	5	128
1255	7	128
1256	5	128
1257	5	128
1258	5	128
1259	5	128
1260	5	128
1261	6	128
1262	5	128
1263	6	128
1264	5	128
1265	5	128
1266	5	128
1267	5	128
1268	6	128
1269	5	128
1270	5	128
1271	5	128
1272	5	128
1273	5	128
1274	5	128
1275	5	128
1276	5	128
1277	5	128
1278	5	128
1279	5	128
1280	5	129
1281	5	128
1282	6	128
1283	5	128
1284	5	128
1285	6	128
1286	6	128
1287	6	128
1288	5	128
1289	5	128
1290	6	128
1291	6	128
1292	5	128
1293	5	128
1294	5	128
1295	5	128
1296	5	128
1297	5	128
1298	6	128
1299	5	128
1300	5	128
1301	5	128
1302	5	128
1303	5	128
1304	5	128
1305	5	128
1306	5	128
1307	5	128
1308	5	128
1309	5	128
1310	5	128
1311	5	128
1312	5	128
1313	5	128
1314	5	128
1315	5	128
1316	5	128
1317	5	128
1318	5	128
1319	5	128
1320	5	128
1321	5	128
1322	5	128
1323	5	128
1324	5	128
1325	5	127
1326	5	128
1327	5	128
1328	5	128
1329	5	128
1330	5	128
1331	5	128
1332	5	128
1333	5	128
1334	5	128
1335	5	128
1336	5	128
1337	5	128
1338	5	128
1339	5	128
1340	5	128
1341	5	128
1342	5	128
1343	5	128
1344	5	128
1345	5	128
1346	5	128
1347	5	128
1348	5	128
1349	5	128
1350	5	128
1351	5	128
1352	5	128
1353	5	128
1354	5	128
1355	5	128
1356	5	128
1357	5	128
1358	5	128
1359	5	128
1360	6	128
1361	6	128
1362	6	128
1363	5	128
1364	5	128
1365	5	128
1366	5	128
1367	5	128
1368	5	128
1369	6	128
1370	6	128
1371	5	128
1372	5	128
1373	5	128
1374	5	128
1375	5	128
1376	5	128
1377	5	128
1378	5	128
1379	5	127
1380	6	128
1381	5	128
1382	5	128
1383	5	128
1384	5	128
1385	5	128
1386	5	128
1387	5	128
1388	5	128
1389	5	128
1390	5	128
1391	5	128
1392	5	128
1393	5	128
1394	5	128
1395	5	128
1396	5	128
1397	5	127
1398	5	127
1399	5	128
1400	5	128
1401	5	127
1402	6	128
1403	5	128
1404	5	128
1405	5	128
1406	6	128
1407	5	128
1408	5	128
1409	5	128
1410	5	128
1411	6	128
1412	5	128
1413	5	128
1414	5	128
1415	7	128
1416	3	128
1417	0	128
1418	6	128
1419	8	128
1420	7	128
1421	2	128
1422	5	128
1423	3	128
1424	4	128
1425	5	128
1426	4	128
1427	5	128
1428	6	128
1429	5	128
1430	5	128
1431	5	128
1432	5	128
1433	6	128
1434	5	128
1435	5	128
1436	4	128
1437	4	128
1438	3	128
1439	4	128
1440	3	128
1441	5	128
1442	5	128
1443	6	128
1444	6	128
1445	7	128
1446	7	128
1447	7	128
1448	7	128
1449	7	128
1450	7	128
1451	7	128
1452	6	128
1453	6	128
1454	6	128
1455	6	128
1456	6	128
1457	6	128
1458	7	128
1459	7	128
1460	7	128
1461	7	128
1462	7	128
1463	7	128
1464	7	128
1465	7	128
1466	7	128
1467	7	128
1468	7	128
1469	7	128
1470	7	128
1471	7	128
1472	7	128
1473	7	128
1474	7	128
1475	7	128
1476	7	128
1477	7	128
1478	7	128
1479	7	128
1480	7	128
1481	7	128
1482	7	128
1483	7	128
1484	7	128
1485	7	128
1486	7	128
1487	7	128
1488	7	128
1489	7	128
1490	7	128
1491	7	128
1492	7	128
1493	7	128
1494	7	128
1495	8	128
1496	8	128
1497	8	128
1498	7	128
1499	7	128
1500	6	128
1501	7	128
1502	7	128
1503	7	128
1504	6	128
1505	7	128
1506	7	128
1507	7	128
1508	6	128
1509	6	128
1510	6	128
1511	5	128
1512	6	128
1513	6	128
1514	7	128
1515	8	128
1516	6	128
1517	8	128
1518	6	128
1519	7	128
1520	5	128
1521	5	128
1522	5	128
1523	6	128
1524	5	127
1525	5	128
1526	5	128
1527	6	128
1528	5	128
1529	5	128
1530	5	128
1531	5	128
1532	6	128
1533	6	128
1534	5	128
1535	5	129
1536	5	128
1537	5	128
1538	5	128
1539	5	128
1540	5	128
1541	5	128
1542	5	128
1543	5	128
1544	5	128
1545	5	128
1546	5	128
1547	5	128
1548	5	128
1549	5	128
1550	5	128
1551	5	128
1552	5	128
1553	5	128
1554	5	128
1555	5	128
1556	5	128
1557	5	128
1558	5	128
1559	6	128
1560	5	128
1561	5	128
1562	6	128
1563	6	128
1564	6	128
1565	6	128
1566	6	127
1567	6	128
1568	7	128
1569	7	128
1570	8	128
1571	9	128
1572	11	128
1573	13	128
1574	17	128
1575	21	128
1576	28	128
1577	41	128
1578	85	128
1579	208	127
1580	255	128
1581	255	128
1582	255	128
1583	255	128
1584	255	128
1585	255	129
1586	255	129
1587	255	130
1588	255	130
1589	255	130
1590	255	130
1591	255	130
1592	255	130
1593	255	129
1594	255	129
1595	209	129
1596	233	129
1597	255	129
1598	240	129
1599	175	128
1600	111	128
1601	77	128
1602	71	128
1603	79	128
1604	90	127
1605	90	128
1606	78	127
1607	62	127
1608	49	127
1609	41	127
1610	37	127
1611	35	127
1612	34	127
1613	33	127
1614	32	127
1615	31	127
1616	29	127
1617	28	127
1618	27	127
1619	25	127
1620	24	127
1621	23	127
1622	22	127
1623	21	127
1624	21	127
1625	20	127
1626	19	127
1627	19	127
1628	18	127
1629	18	127
1630	17	127
1631	17	127
1632	17	127
1633	16	127
1634	16	127
1635	15	127
1636	15	127
1637	15	127
1638	15	127
1639	14	127
1640	14	127
1641	14	127
1642	14	127
1643	14	128
1644	13	128
1645	13	128
1646	13	128
1647	13	128
1648	13	128
1649	13	128
1650	13	128
1651	13	128
1652	13	128
1653	13	128
1654	13	128
1655	13	128
1656	13	128
1657	13	128
1658	13	128
1659	13	128
1660	13	128
1661	14	128
1662	14	128
1663	14	128
1664	15	128
1665	15	128
1666	15	128
1667	16	128
1668	17	128
1669	18	128
1670	19	128
1671	21	128
1672	22	128
1673	25	128
1674	29	128
1675	37	128
1676	52	128
1677	80	128
1678	115	128
1679	136	128
1680	134	128
1681	118	128
1682	124	128
1683	143	128
1684	177	128
1685	212	128
1686	236	128
1687	246	128
1688	255	128
1689	255	128
1690	255	128
1691	255	129
1692	255	129
1693	255	129
1694	255	129
1695	255	129
1696	255	128
1697	255	129
1698	255	129
1699	255	128
1700	255	129
1701	255	128
1702	255	128
1703	255	128
1704	255	128
1705	255	128
1706	255	128
1707	255	128
1708	255	128
1709	255	128
1710	255	128
1711	250	128
1712	233	128
1713	218	128
1714	205	128
1715	194	128
1716	185	127
1717	174	127
1718	164	128
1719	154	128
1720	145	128
1721	138	127
1722	132	127
1723	127	128
1724	121	127
1725	115	127
1726	110	127
1727	105	127
1728	101	128
1729	99	128
1730	96	128
1731	92	128
1732	89	128
1733	86	128
1734	84	128
1735	82	128
1736	80	128
1737	79	127
1738	77	128
1739	76	128
1740	75	128
1741	73	128
1742	73	128
1743	73	128
1744	72	128
1745	72	128
1746	71	128
1747	72	128
1748	71	128
1749	72	128
1750	72	128
1751	73	128
1752	73	128
1753	74	128
1754	75	128
1755	76	128
1756	77	128
1757	79	128
1758	80	128
1759	83	128
1760	85	128
1761	87	128
1762	89	128
1763	91	128
1764	92	128
1765	95	128
1766	97	128
1767	101	128
1768	104	128
1769	107	128
1770	111	128
1771	114	128
1772	118	128
1773	122	128
1774	127	128
1775	131	128
1776	136	128
1777	140	128
1778	146	128
1779	151	128
1780	153	128
1781	161	128
1782	166	128
1783	171	128
1784	174	128
1785	179	128
1786	184	128
1787	189	128
1788	194	128
1789	198	128
1790	202	128
1791	206	128
1792	209	128
1793	213	128
1794	216	128
1795	218	128
1796	220	128
1797	221	128
1798	223	128
1799	223	128
1800	224	128
1801	223	128
1802	223	128
1803	222	128
1804	220	128
1805	218	128
1806	216	128
1807	213	128
1808	211	128
1809	208	128
1810	205	128
1811	201	128
1812	198	128
1813	194	128
1814	190	128
1815	187	128
1816	183	128
1817	179	128
1818	175	128
1819	171	128
1820	168	128
1821	164	128
1822	160	128
1823	156	128
1824	153	128
1825	150	128
1826	147	128
1827	144	128
1828	141	128
1829	137	128
1830	134	128
1831	131	128
1832	129	128
1833	127	128
1834	125	128
1835	123	128
1836	121	128
1837	118	128
1838	117	128
1839	115	128
1840	113	128
1841	112	128
1842	111	128
1843	109	128
1844	108	128
1845	107	128
1846	106	128
1847	105	128
1848	105	128
1849	104	128
1850	104	128
1851	103	128
1852	103	128
1853	103	128
1854	103	128
1855	103	128
1856	103	128
1857	103	128
1858	103	128
1859	104	128
1860	105	128
1861	105	128
1862	105	128
1863	106	128
1864	108	128
1865	109	128
1866	110	128
1867	111	128
1868	112	128
1869	113	128
1870	115	128
1871	117	128
1872	119	128
1873	120	127
1874	121	128
1875	123	128
1876	125	128
1877	127	128
1878	129	128
1879	131	127
1880	133	128
1881	135	128
1882	138	128
1883	140	128
1884	142	128
1885	145	128
1886	147	128
1887	149	128
1888	151	128
1889	153	128
1890	155	128
1891	157	128
1892	160	128
1893	162	128
1894	163	128
1895	165	128
1896	167	128
1897	169	128
1898	171	128
1899	172	128
1900	173	128
1901	174	128
1902	174	128
1903	176	128
1904	177	128
1905	178	128
1906	178	128
1907	178	128
1908	178	128
1909	178	127
1910	178	128
1911	178	128
1912	177	128
1913	177	128
1914	176	128
1915	175	128
1916	174	128
1917	173	128
1918	171	128
1919	169	128
1920	168	128
1921	167	128
1922	165	128
1923	163	128
1924	162	128
1925	160	128
1926	158	128
1927	156	128
1928	155	128
1929	153	128
1930	151	128
1931	148	128
1932	147	128
1933	145	128
1934	143	128
1935	142	128
1936	139	127
1937	137	128
1938	135	128
1939	135	128
1940	133	128
1941	132	128
1942	130	128
1943	128	128
1944	124	128
1945	118	128
1946	121	128
1947	120	128
1948	118	128
1949	119	128
1950	119	128
1951	118	128
1952	117	128
1953	117	128
1954	116	128
1955	118	128
1956	117	128
1957	116	128
1958	116	128
1959	115	128
1960	114	128
1961	115	128
1962	114	128
1963	115	128
1964	115	128
1965	115	128
1966	115	128
1967	115	128
1968	116	128
1969	116	128
1970	117	128
1971	117	128
1972	117	128
1973	118	128
1974	119	128
1975	120	128
1976	120	128
1977	121	128
1978	122	128
1979	124	128
1980	125	128
1981	125	128
1982	127	128
1983	127	128
1984	129	128
1985	130	128
1986	132	128
1987	133	128
1988	134	128
1989	135	128
1990	137	128
1991	139	128
1992	140	128
1993	142	128
1994	143	128
1995	145	128
1996	146	128
1997	147	128
1998	149	128
1999	150	128
2000	151	128
2001	153	128
2002	154	128
2003	156	128
2004	157	128
2005	158	128
2006	159	128
2007	160	128
2008	160	128
2009	161	128
2010	163	128
2011	163	128
2012	164	128
2013	165	128
2014	164	128
2015	165	128
2016	165	128
2017	166	128
2018	165	128
2019	165	128
2020	166	128
2021	165	128
2022	165	128
2023	165	128
2024	164	128
2025	165	128
2026	165	128
2027	164	128
2028	161	128
2029	160	128
2030	159	128
2031	159	128
2032	157	128
2033	156	128
2034	155	128
2035	154	128
2036	153	128
2037	152	128
2038	151	128
2039	149	128
2040	148	128
2041	147	128
2042	146	128
2043	144	127
2044	141	128
2045	141	127
2046	140	128
2047	139	128
2048	137	128
2049	136	128
2050	135	128
2051	133	128
2052	132	128
2053	130	128
2054	130	128
2055	130	128
2056	128	128
2057	127	128
2058	126	128
2059	125	128
2060	124	128
2061	123	128
2062	123	128
2063	122	128
2064	122	128
2065	121	128
2066	121	128
2067	120	128
2068	120	128
2069	120	128
2070	119	128
2071	119	128
2072	119	128
2073	119	128
2074	119	128
2075	119	128
2076	119	128
2077	119	128
2078	120	128
2079	121	128
2080	121	128
2081	121	128
2082	121	128
2083	122	128
2084	123	128
2085	123	128
2086	124	128
2087	125	128
2088	126	128
2089	127	128
2090	128	128
2091	129	128
2092	130	128
2093	131	128
2094	132	128
2095	134	128
2096	135	128
2097	135	128
2098	137	128
2099	138	128
2100	139	128
2101	141	128
2102	142	128
2103	143	128
2104	145	128
2105	146	128
2106	147	128
2107	149	128
2108	150	128
2109	151	128
2110	153	128
2111	154	128
2112	155	128
2113	155	129
2114	157	129
2115	158	128
2116	159	128
2117	160	128
2118	161	128
2119	161	128
2120	162	128
2121	163	128
2122	163	128
2123	164	128
2124	165	128
2125	165	128
2126	165	128
2127	166	128
2128	166	128
2129	166	128
2130	165	128
2131	165	129
2132	165	128
2133	164	128
2134	164	128
2135	163	128
2136	163	128
2137	162	128
2138	161	128
2139	160	128
2140	159	128
2141	159	128
2142	158	128
2143	157	128
2144	156	128
2145	155	128
2146	153	128
2147	152	128
2148	151	128
2149	150	128
2150	149	128
2151	148	128
2152	146	128
2153	145	128
2154	144	128
2155	143	128
2156	142	128
2157	141	128
2158	139	128
2159	138	128
2160	137	128
2161	136	129
2162	135	129
2163	134	128
2164	133	129
2165	132	128
2166	131	128
2167	130	128
2168	129	128
2169	129	128
2170	129	128
2171	128	128
2172	127	128
2173	126	128
2174	126	128
2175	125	128
2176	125	128
2177	124	128
2178	124	128
2179	123	128
2180	123	128
2181	122	128
2182	122	128
2183	122	128
2184	123	128
2185	122	128
2186	122	128
2187	123	128
2188	123	128
2189	123	128
2190	123	128
2191	123	128
2192	124	128
2193	124	128
2194	125	128
2195	125	127
2196	125	128
2197	126	128
2198	127	128
2199	127	128
2200	127	128
2201	128	128
2202	129	128
2203	131	128
2204	131	128
2205	132	128
2206	133	128
2207	133	128
2208	131	128
2209	128	128
2210	132	128
2211	133	128
2212	133	128
2213	137	128
2214	139	128
2215	140	128
2216	140	128
2217	142	128
2218	141	128
2219	146	128
2220	145	128
2221	146	128
2222	147	128
2223	147	128
2224	147	128
2225	149	128
2226	149	128
2227	150	128
2228	151	128
2229	151	128
2230	151	128
2231	152	128
2232	153	128
2233	153	128
2234	154	128
2235	154	128
2236	154	128
2237	154	128
2238	154	128
2239	155	128
2240	155	128
2241	155	128
2242	155	128
2243	154	128
2244	155	128
2245	154	128
2246	154	128
2247	154	128
2248	154	128
2249	153	128
2250	153	128
2251	153	128
2252	152	128
2253	151	128
2254	151	128
2255	150	128
2256	149	128
2257	149	128
2258	149	128
2259	148	128
2260	147	128
2261	146	128
2262	145	128
2263	145	128
2264	144	128
2265	143	128
2266	142	127
2267	141	128
2268	141	128
2269	141	128
2270	140	128
2271	139	128
2272	138	128
2273	137	128
2274	137	128
2275	136	128
2276	136	128
2277	135	128
2278	134	128
2279	134	128
2280	134	128
2281	133	128
2282	133	128
2283	132	128
2284	132	128
2285	131	128
2286	131	128
2287	131	128
2288	130	128
2289	130	128
2290	131	128
2291	131	128
2292	129	128
2293	129	128
2294	129	128
2295	129	128
2296	129	128
2297	128	128
2298	129	128
2299	129	128
2300	129	128
2301	129	128
2302	129	127
2303	129	128
2304	129	128
2305	129	128
2306	130	128
2307	130	128
2308	127	128
2309	130	128
2310	131	128
2311	131	128
2312	130	128
2313	132	128
2314	132	128
2315	132	128
2316	133	128
2317	133	128
2318	134	128
2319	135	128
2320	135	128
2321	136	128
2322	136	128
2323	136	128
2324	137	128
2325	137	128
2326	138	128
2327	138	128
2328	139	128
2329	139	128
2330	140	128
2331	139	128
2332	140	128
2333	141	128
2334	142	128
2335	142	128
2336	143	128
2337	143	128
2338	143	128
2339	144	128
2340	144	127
2341	144	128
2342	145	128
2343	145	127
2344	145	128
2345	145	128
2346	145	128
2347	145	128
2348	146	128
2349	147	128
2350	146	128
2351	147	128
2352	147	128
2353	146	128
2354	147	128
2355	146	128
2356	146	128
2357	146	128
2358	146	128
2359	146	128
2360	146	128
2361	145	128
2362	145	128
2363	144	128
2364	144	128
2365	144	128
2366	144	128
2367	144	128
2368	143	128
2369	143	128
2370	142	128
2371	141	128
2372	141	128
2373	141	128
2374	141	128
2375	140	128
2376	139	128
2377	138	128
2378	138	128
2379	138	128
2380	138	128
2381	137	128
2382	136	128
2383	135	128
2384	135	128
2385	135	128
2386	135	128
2387	134	128
2388	134	128
2389	133	128
2390	133	128
2391	132	128
2392	133	128
2393	133	128
2394	133	128
2395	132	128
2396	132	128
2397	131	128
2398	131	128
2399	132	128
2400	132	128
2401	132	128
2402	132	128
2403	131	127
2404	131	128
2405	131	127
2406	132	127
2407	132	128
2408	132	128
2409	132	128
2410	132	128
2411	132	127
2412	133	127
2413	133	128
2414	133	128
2415	133	128
2416	133	128
2417	133	128
2418	134	128
2419	134	128
2420	135	128
2421	135	128
2422	135	128
2423	135	128
2424	136	128
2425	137	128
2426	137	128
2427	138	128
2428	137	128
2429	138	128
2430	139	128
2431	139	128
2432	139	128
2433	140	127
2434	140	128
2435	141	128
2436	141	128
2437	142	128
2438	142	128
2439	143	128
2440	143	127
2441	143	128
2442	143	128
2443	144	128
2444	144	128
2445	144	128
2446	144	128
2447	145	128
2448	146	128
2449	146	128
2450	146	128
2451	146	128
2452	146	128
2453	146	128
2454	146	128
2455	146	128
2456	147	128
2457	146	128
2458	146	128
2459	146	128
2460	146	128
2461	145	129
2462	146	128
2463	146	128
2464	145	128
2465	145	128
2466	145	128
2467	144	128
2468	144	128
2469	144	128
2470	144	128
2471	143	128
2472	143	128
2473	142	127
2474	141	128
2475	137	128
2476	136	127
2477	142	128
2478	142	128
2479	142	128
2480	141	128
2481	141	127
2482	139	128
2483	143	128
2484	140	128
2485	140	128
2486	140	128
2487	139	128
2488	138	128
2489	138	128
2490	137	128
2491	137	128
2492	137	128
2493	137	128
2494	136	128
2495	136	128
2496	136	128
2497	135	128
2498	136	128
2499	135	128
2500	135	128
2501	135	128
2502	134	128
2503	134	128
2504	135	128
2505	134	127
2506	134	128
2507	133	128
2508	133	128
2509	133	127
2510	133	128
2511	133	128
2512	132	127
2513	132	127
2514	133	128
2515	133	127
2516	133	128
2517	132	128
2518	132	127
2519	132	128
2520	132	128
2521	132	128
2522	133	128
2523	133	128
2524	133	128
2525	133	128
2526	133	128
2527	134	128
2528	134	128
2529	135	128
2530	135	128
2531	136	128
2532	136	128
2533	136	128
2534	137	128
2535	137	128
2536	138	128
2537	138	128
2538	139	128
2539	139	128
2540	140	128
2541	140	128
2542	141	128
2543	142	128
2544	143	128
2545	143	128
2546	143	128
2547	144	128
2548	145	128
2549	145	128
2550	146	128
2551	146	128
2552	146	128
2553	145	129
2554	147	128
2555	149	128
2556	149	128
2557	149	128
2558	149	128
2559	150	128
2560	150	128
2561	149	128
2562	150	128
2563	151	129
2564	151	128
2565	151	128
2566	151	128
2567	151	128
2568	151	128
2569	151	128
2570	151	128
2571	150	128
2572	147	128
2573	148	128
2574	149	128
2575	149	128
2576	148	128
2577	149	128
2578	149	128
2579	148	128
2580	148	128
2581	147	128
2582	147	128
2583	147	128
2584	147	128
2585	147	128
2586	146	128
2587	145	128
2588	145	128
2589	144	128
2590	145	128
2591	144	128
2592	143	128
2593	142	128
2594	141	128
2595	141	128
2596	141	128
2597	140	128
2598	140	128
2599	139	128
2600	139	128
2601	139	128
2602	138	127
2603	138	128
2604	137	128
2605	137	128
2606	136	128
2607	136	128
2608	135	128
2609	135	128
2610	135	128
2611	134	128
2612	135	128
2613	134	128
2614	134	128
2615	134	128
2616	133	128
2617	133	128
2618	133	128
2619	133	128
2620	133	127
2621	133	127
2622	132	128
2623	132	128
2624	132	128
2625	132	128
2626	133	128
2627	133	128
2628	133	128
2629	133	128
2630	133	128
2631	133	128
2632	133	128
2633	133	128
2634	134	128
2635	134	128
2636	134	128
2637	134	128
2638	134	128
2639	135	128
2640	136	128
2641	136	128
2642	136	128
2643	136	128
2644	137	128
2645	137	128
2646	138	128
2647	139	128
2648	140	128
2649	139	128
2650	139	128
2651	140	128
2652	140	128
2653	141	128
2654	142	128
2655	142	128
2656	142	128
2657	142	128
2658	143	128
2659	143	128
2660	144	128
2661	145	128
2662	145	128
2663	145	128
2664	145	128
2665	145	128
2666	146	128
2667	146	128
2668	145	128
2669	146	128
2670	145	128
2671	146	128
2672	147	128
2673	147	128
2674	147	128
2675	147	128
2676	146	128
2677	147	128
2678	147	128
2679	146	128
2680	147	128
2681	147	128
2682	146	128
2683	146	128
2684	146	128
2685	145	128
2686	145	128
2687	145	128
2688	145	128
2689	144	128
2690	144	128
2691	144	128
2692	143	128
2693	143	128
2694	143	128
2695	143	128
2696	143	128
2697	143	128
2698	143	128
2699	142	128
2700	143	128
2701	142	128
2702	142	128
2703	142	128
2704	142	129
2705	142	128
2706	142	128
2707	142	128
2708	142	128
2709	142	128
2710	142	128
2711	141	128
2712	141	128
2713	141	128
2714	141	128
2715	142	128
2716	142	128
2717	141	128
2718	141	128
2719	140	128
2720	140	128
2721	140	128
2722	141	128
2723	141	128
2724	140	128
2725	140	128
2726	139	128
2727	139	128
2728	139	128
2729	140	128
2730	139	128
2731	139	128
2732	138	128
2733	138	129
2734	138	128
2735	138	128
2736	139	128
2737	142	128
2738	139	128
2739	135	128
2740	132	128
2741	139	128
2742	139	128
2743	141	128
2744	139	128
2745	140	128
2746	137	128
2747	141	128
2748	138	128
2749	139	128
2750	139	128
2751	138	128
2752	138	128
2753	138	128
2754	138	128
2755	139	128
2756	139	128
2757	138	128
2758	138	128
2759	137	128
2760	137	128
2761	137	128
2762	137	128
2763	137	128
2764	137	128
2765	136	128
2766	137	128
2767	136	128
2768	136	128
2769	136	128
2770	136	128
2771	135	128
2772	135	128
2773	134	128
2774	134	128
2775	133	128
2776	133	128
2777	133	128
2778	132	128
2779	132	128
2780	131	128
2781	131	128
2782	131	128
2783	131	128
2784	130	128
2785	130	128
2786	130	128
2787	129	128
2788	129	128
2789	129	128
2790	129	128
2791	129	128
2792	129	128
2793	129	128
2794	129	128
2795	130	127
2796	130	128
2797	131	128
2798	131	128
2799	131	128
2800	131	128
2801	131	128
2802	133	128
2803	133	128
2804	134	128
2805	134	128
2806	134	128
2807	135	128
2808	135	128
2809	136	128
2810	137	128
2811	138	128
2812	139	128
2813	139	128
2814	139	128
2815	140	128
2816	139	128
2817	139	128
2818	140	128
2819	141	128
2820	143	128
2821	143	128
2822	143	128
2823	143	128
2824	144	128
2825	143	128
2826	144	128
2827	144	128
2828	144	128
2829	145	128
2830	145	128
2831	145	128
2832	145	128
2833	144	128
2834	144	128
2835	184	128
2836	142	127
2837	123	129
2838	146	127
2839	142	129
2840	138	128
2841	145	127
2842	147	128
2843	141	127
2844	143	127
2845	147	127
2846	146	128
2847	142	128
2848	145	128
2849	144	128
2850	140	128
2851	141	128
2852	142	127
2853	140	128
2854	139	128
2855	139	127
2856	139	128
2857	137	128
2858	138	127
2859	139	128
2860	137	128
2861	136	128
2862	137	128
2863	136	128
2864	135	128
2865	134	128
2866	133	128
2867	131	128
2868	129	128
2869	127	128
2870	126	128
2871	124	128
2872	122	128
2873	120	128
2874	117	128
2875	115	128
2876	114	128
2877	112	128
2878	110	128
2879	107	128
2880	104	128
2881	101	128
2882	99	128
2883	97	128
2884	94	128
2885	91	128
2886	88	128
2887	85	128
2888	81	128
2889	78	128
2890	76	128
2891	74	128
2892	71	128
2893	69	128
2894	66	128
2895	64	128
2896	61	128
2897	59	128
2898	57	128
2899	54	127
2900	52	128
2901	50	127
2902	48	128
2903	46	128
2904	44	128
2905	42	128
2906	40	128
2907	38	128
2908	37	128
2909	35	128
2910	33	128
2911	32	128
2912	31	128
2913	30	128
2914	29	128
2915	27	128
2916	26	128
2917	26	128
2918	25	128
2919	24	128
2920	23	128
2921	23	128
2922	22	128
2923	21	128
2924	21	128
2925	20	128
2926	19	127
2927	19	128
2928	18	128
2929	18	128
2930	17	128
2931	17	128
2932	16	128
2933	16	128
2934	15	127
2935	15	127
2936	14	127
2937	14	128
2938	13	128
2939	13	127
2940	13	128
2941	13	128
2942	13	128
2943	13	128
2944	12	128
2945	12	127
2946	11	128
2947	11	128
2948	11	128
2949	11	128
2950	11	128
2951	10	128
2952	10	128
2953	10	128
2954	10	128
2955	10	128
2956	10	128
2957	10	128
2958	10	128
2959	10	128
2960	10	128
2961	9	128
2962	9	128
2963	9	128
2964	9	128
2965	9	128
2966	9	128
2967	9	128
2968	8	128
2969	8	128
2970	8	128
2971	8	128
2972	8	128
2973	8	128
2974	8	128
2975	8	128
2976	8	128
2977	8	128
2978	8	128
2979	8	128
2980	8	128
2981	7	128
2982	8	128
2983	7	128
2984	8	128
2985	7	128
2986	7	128
2987	7	128
2988	7	128
2989	7	128
2990	7	128
2991	7	128
2992	7	128
2993	7	128
2994	7	128
2995	7	128
2996	7	128
2997	7	128
2998	7	128
2999	7	128
3000	7	128
3001	13	129
3002	12	128
3003	5	128
3004	3	128
3005	9	128
3006	7	128
3007	8	128
3008	7	128
3009	7	128
3010	6	128
3011	8	128
3012	4	128
3013	7	128
3014	7	128
3015	6	128
3016	6	128
3017	6	128
3018	5	128
3019	6	128
3020	6	128
3021	6	128
3022	6	128
3023	6	128
3024	6	128
3025	6	128
3026	6	128
3027	5	128
3028	6	128
3029	5	128
3030	6	129
3031	5	128
3032	6	128
3033	5	128
3034	6	128
3035	5	128
3036	5	128
3037	5	128
3038	5	128
3039	6	128
3040	6	128
3041	6	128
3042	6	128
3043	6	128
3044	6	128
3045	5	128
3046	6	128
3047	5	128
3048	6	128
3049	6	128
3050	5	128
3051	6	128
3052	6	128
3053	5	128
3054	6	128
3055	5	128
3056	6	128
3057	6	128
3058	6	128
3059	6	128
3060	5	128
3061	6	128
3062	6	128
3063	5	128
3064	5	128
3065	5	128
3066	6	128
3067	5	128
3068	5	128
3069	5	128
3070	5	128
3071	5	128
3072	6	128
3073	5	128
3074	6	128
3075	6	128
3076	5	128
3077	6	128
3078	5	128
3079	5	128
3080	5	128
3081	4	128
3082	4	128
3083	5	127
3084	5	128
3085	5	128
3086	6	128
3087	6	128
3088	6	128
3089	5	128
3090	6	128
3091	5	128
3092	6	128
3093	5	128
3094	6	128
3095	5	128
3096	5	128
3097	5	128
3098	5	128
3099	5	128
3100	5	128
3101	6	128
3102	5	128
3103	3	128
3104	5	128
3105	6	128
3106	6	128
3107	6	128
3108	6	128
3109	5	128
3110	6	128
3111	5	128
3112	5	128
3113	6	128
3114	6	128
3115	5	128
3116	5	128
3117	5	128
3118	5	128
3119	5	128
3120	5	128
3121	6	128
3122	6	128
3123	5	128
3124	5	128
3125	5	128
3126	5	128
3127	5	128
3128	5	128
3129	5	128
3130	5	128
3131	5	128
3132	6	128
3133	5	128
3134	5	128
3135	5	128
3136	5	128
3137	5	128
3138	5	128
3139	5	128
3140	5	128
3141	5	128
3142	5	128
3143	5	128
3144	5	128
3145	5	128
3146	6	128
3147	5	128
3148	5	128
3149	5	128
3150	5	128
3151	5	128
3152	6	128
3153	6	128
3154	6	128
3155	5	127
3156	5	128
3157	5	128
3158	5	128
3159	6	128
3160	5	128
3161	5	128
3162	5	128
3163	6	128
3164	5	128
3165	5	128
3166	5	128
3167	5	128
3168	5	128
3169	5	128
3170	5	128
3171	5	128
3172	6	128
3173	5	128
3174	6	128
3175	5	128
3176	5	128
3177	6	128
3178	5	128
3179	5	128
3180	5	128
3181	5	128
3182	5	128
3183	5	128
3184	5	128
3185	5	128
3186	6	128
3187	6	128
3188	5	128
3189	5	128
3190	5	128
3191	5	128
3192	5	128
3193	5	128
3194	5	128
3195	5	128
3196	5	128
3197	5	128
3198	5	128
3199	5	128
3200	6	128
3201	5	128
3202	5	128
3203	5	128
3204	5	128
3205	5	128
3206	5	128
3207	5	128
3208	5	128
3209	5	128
3210	5	128
3211	5	128
3212	5	128
3213	5	128
3214	5	128
3215	5	128
3216	5	128
3217	5	128
3218	5	128
3219	5	128
3220	5	128
3221	5	128
3222	5	128
3223	6	128
3224	6	128
3225	5	128
3226	5	128
3227	5	128
3228	5	128
3229	5	128
3230	5	128
3231	6	128
3232	5	128
3233	5	128
3234	5	128
3235	5	128
3236	6	128
3237	5	128
3238	6	128
3239	5	128
3240	5	128
3241	5	128
3242	5	128
3243	6	128
3244	6	128
3245	6	128
3246	6	128
3247	5	128
3248	5	128
3249	4	128
3250	4	128
3251	4	128
3252	4	128
3253	4	128
3254	5	128
3255	6	128
3256	6	128
3257	7	128
3258	7	128
3259	7	128
3260	7	128
3261	7	128
3262	6	128
3263	6	128
3264	7	128
3265	13	128
3266	12	128
3267	7	128
3268	4	128
3269	11	128
3270	6	128
3271	8	128
3272	7	128
3273	9	128
3274	7	128
3275	9	128
3276	5	128
3277	8	128
3278	7	128
3279	6	128
3280	7	128
3281	7	128
3282	7	128
3283	7	128
3284	7	128
3285	7	128
3286	7	128
3287	7	128
3288	7	128
3289	7	128
3290	7	128
3291	7	128
3292	7	128
3293	7	128
3294	7	128
3295	7	128
3296	7	128
3297	7	128
3298	7	128
3299	7	128
3300	7	128
3301	7	128
3302	7	128
3303	7	128
3304	7	128
3305	7	128
3306	7	128
3307	7	128
3308	7	128
3309	7	128
3310	6	128
3311	7	128
3312	6	128
3313	6	128
3314	6	128
3315	6	128
3316	6	128
3317	6	128
3318	6	128
3319	6	128
3320	6	128
3321	6	128
3322	6	128
3323	6	128
3324	6	128
3325	6	128
3326	6	128
3327	6	128
3328	6	128
3329	6	128
3330	6	128
3331	6	128
3332	6	128
3333	6	128
3334	6	128
3335	6	128
3336	6	128
3337	5	128
3338	6	128
3339	5	128
3340	6	128
3341	5	128
3342	5	128
3343	5	128
3344	5	128
3345	4	128
3346	3	128
3347	4	128
3348	5	128
3349	5	128
3350	6	128
3351	5	128
3352	6	128
3353	5	128
3354	6	127
3355	5	128
3356	5	127
3357	5	128
3358	5	128
3359	5	128
3360	5	128
3361	5	128
3362	5	128
3363	5	128
3364	5	128
3365	6	128
3366	5	128
3367	3	127
3368	5	128
3369	6	128
3370	6	128
3371	5	128
3372	6	128
3373	5	128
3374	6	128
3375	5	128
3376	5	128
3377	5	128
3378	5	128
3379	5	128
3380	5	128
3381	5	128
3382	6	128
3383	6	128
3384	6	128
3385	6	128
3386	7	128
3387	7	128
3388	7	128
3389	8	128
3390	9	128
3391	11	128
3392	13	128
3393	16	128
3394	20	128
3395	27	128
3396	39	128
3397	78	128
3398	195	128
3399	255	128
3400	255	128
3401	255	128
3402	255	128
3403	255	128
3404	255	129
3405	255	129
3406	255	130
3407	255	130
3408	255	131
3409	255	130
3410	255	130
3411	255	130
3412	255	130
3413	255	129
3414	249	129
3415	255	129
3416	255	129
3417	252	129
3418	178	129
3419	115	128
3420	87	128
3421	89	128
3422	104	128
3423	111	128
3424	101	128
3425	80	128
3426	61	128
3427	49	127
3428	43	127
3429	41	127
3430	40	128
3431	41	127
3432	40	127
3433	38	127
3434	35	127
3435	33	127
3436	31	127
3437	29	127
3438	27	127
3439	26	127
3440	24	127
3441	24	127
3442	23	127
3443	22	127
3444	21	127
3445	20	127
3446	20	127
3447	19	127
3448	19	127
3449	18	127
3450	18	127
3451	18	127
3452	17	128
3453	17	127
3454	17	127
3455	16	128
3456	16	127
3457	16	127
3458	15	127
3459	15	127
3460	15	128
3461	15	128
3462	15	127
3463	14	128
3464	14	128
3465	14	128
3466	14	128
3467	14	128
3468	14	128
3469	14	128
3470	13	128
3471	13	128
3472	13	128
3473	13	128
3474	13	128
3475	13	128
3476	14	128
3477	14	128
3478	14	128
3479	14	128
3480	14	128
3481	14	128
3482	15	128
3483	15	128
3484	15	128
3485	16	128
3486	16	128
3487	17	128
3488	18	128
3489	19	128
3490	21	128
3491	22	128
3492	25	128
3493	28	128
3494	33	128
3495	42	128
3496	61	128
3497	88	128
3498	113	128
3499	124	128
3500	122	128
3501	117	128
3502	123	128
3503	145	129
3504	176	128
3505	206	128
3506	224	128
3507	236	128
3508	250	128
3509	255	128
3510	255	128
3511	255	128
3512	255	128
3513	255	128
3514	255	129
3515	255	129
3516	255	129
3517	255	129
3518	255	129
3519	255	129
3520	255	128
3521	255	129
3522	255	128
3523	255	128
3524	255	128
3525	255	128
3526	255	128
3527	255	129
3528	255	128
3529	255	128
3530	255	129
3531	255	128
3532	255	128
3533	255	128
3534	255	128
3535	255	128
3536	245	128
3537	226	128
3538	206	128
3539	191	128
3540	174	128
3541	164	127
3542	151	128
3543	140	128
3544	129	128
3545	119	127
3546	111	128
3547	104	127
3548	98	127
3549	91	128
3550	87	127
3551	80	128
3552	76	128
3553	71	128
3554	68	128
3555	63	128
3556	61	127
3557	57	128
3558	55	127
3559	52	127
3560	50	128
3561	47	128
3562	46	128
3563	44	128
3564	43	128
3565	41	128
3566	40	128
3567	39	128
3568	38	128
3569	37	128
3570	36	128
3571	35	128
3572	35	128
3573	34	128
3574	33	128
3575	33	128
3576	32	128
3577	32	128
3578	32	128
3579	32	128
3580	32	128
3581	32	128
3582	31	128
3583	32	128
3584	32	128
3585	32	128
3586	32	128
3587	33	128
3588	34	128
3589	34	128
3590	35	128
3591	36	128
3592	37	128
3593	39	128
3594	40	128
3595	42	128
3596	43	128
3597	45	128
3598	47	128
3599	50	128
3600	52	128
3601	55	128
3602	58	128
3603	61	128
3604	65	128
3605	69	128
3606	73	128
3607	77	128
3608	83	128
3609	88	128
3610	93	128
3611	99	128
3612	107	128
3613	114	128
3614	122	128
3615	130	128
3616	139	128
3617	148	128
3618	158	128
3619	168	128
3620	179	128
3621	189	128
3622	201	128
3623	213	128
3624	226	128
3625	238	128
3626	249	128
3627	255	128
3628	255	128
3629	255	128
3630	255	128
3631	255	128
3632	255	128
3633	255	128
3634	255	129
3635	255	128
3636	255	128
3637	255	128
3638	255	128
3639	255	128
3640	255	128
3641	255	128
3642	255	128
3643	255	128
3644	255	128
3645	255	128
3646	255	128
3647	255	128
3648	255	128
3649	255	128
3650	255	128
3651	243	128
3652	231	128
3653	219	128
3654	207	128
3655	196	128
3656	184	128
3657	173	128
3658	163	128
3659	154	128
3660	145	127
3661	138	128
3662	130	128
3663	123	128
3664	116	128
3665	111	128
3666	105	128
3667	100	128
3668	95	128
3669	91	128
3670	87	128
3671	84	127
3672	80	128
3673	77	128
3674	75	128
3675	72	128
3676	70	128
3677	68	128
3678	66	128
3679	64	128
3680	63	128
3681	61	128
3682	59	128
3683	58	128
3684	57	128
3685	57	128
3686	56	128
3687	55	128
3688	55	128
3689	54	128
3690	54	128
3691	54	128
3692	54	128
3693	53	128
3694	53	128
3695	54	128
3696	54	128
3697	55	128
3698	55	128
3699	56	128
3700	57	128
3701	57	128
3702	59	128
3703	59	128
3704	61	128
3705	62	128
3706	64	128
3707	66	128
3708	68	128
3709	70	128
3710	73	128
3711	75	128
3712	77	128
3713	80	128
3714	83	128
3715	87	128
3716	90	128
3717	94	128
3718	98	128
3719	102	128
3720	107	128
3721	112	128
3722	117	128
3723	123	128
3724	128	128
3725	134	128
3726	141	128
3727	147	128
3728	155	128
3729	161	128
3730	168	128
3731	175	128
3732	183	128
3733	191	128
3734	198	128
3735	206	128
3736	213	128
3737	220	128
3738	227	128
3739	234	128
3740	240	128
3741	247	128
3742	251	128
3743	255	128
3744	255	128
3745	255	128
3746	255	128
3747	255	128
3748	255	128
3749	255	128
3750	255	128
3751	255	128
3752	255	128
3753	255	128
3754	254	128
3755	249	128
3756	244	128
3757	239	128
3758	233	128
3759	227	128
3760	221	128
3761	214	128
3762	207	128
3763	201	128
3764	194	128
3765	187	128
3766	181	128
3767	175	128
3768	169	128
3769	163	128
3770	157	128
3771	151	128
3772	146	128
3773	141	128
3774	135	128
3775	131	128
3776	127	127
3777	123	128
3778	118	127
3779	115	128
3780	111	128
3781	108	128
3782	104	128
3783	101	128
3784	99	128
3785	96	128
3786	95	128
3787	92	128
3788	90	128
3789	88	128
3790	86	128
3791	84	128
3792	84	128
3793	84	128
3794	79	128
3795	85	128
3796	82	128
3797	84	128
3798	74	128
3799	76	128
3800	75	128
3801	75	128
3802	76	128
3803	76	128
3804	75	128
3805	77	128
3806	75	128
3807	77	128
3808	77	128
3809	77	128
3810	79	128
3811	79	128
3812	81	128
3813	81	128
3814	83	128
3815	84	128
3816	85	128
3817	87	128
3818	89	128
3819	91	128
3820	93	128
3821	95	128
3822	98	128
3823	100	128
3824	103	128
3825	106	128
3826	109	128
3827	112	128
3828	115	128
3829	118	128
3830	122	128
3831	126	128
3832	131	128
3833	135	128
3834	139	128
3835	143	128
3836	147	128
3837	152	128
3838	157	128
3839	162	128
3840	167	128
3841	172	128
3842	176	128
3843	181	128
3844	185	128
3845	190	128
3846	195	128
3847	199	128
3848	204	128
3849	208	128
3850	211	128
3851	215	128
3852	219	128
3853	221	128
3854	224	128
3855	226	128
3856	228	128
3857	229	128
3858	230	128
3859	231	128
3860	231	128
3861	229	129
3862	228	128
3863	227	128
3864	226	128
3865	223	128
3866	221	128
3867	218	128
3868	215	128
3869	212	128
3870	208	128
3871	205	128
3872	202	128
3873	198	128
3874	193	128
3875	187	128
3876	184	128
3877	180	128
3878	176	128
3879	171	128
3880	166	129
3881	162	128
3882	159	129
3883	155	128
3884	151	128
3885	146	127
3886	143	128
3887	139	128
3888	135	128
3889	132	128
3890	129	128
3891	127	128
3892	125	128
3893	121	128
3894	119	128
3895	114	128
3896	113	128
3897	110	128
3898	107	128
3899	105	128
3900	102	128
3901	100	128
3902	99	128
3903	97	128
3904	96	128
3905	94	128
3906	93	128
3907	91	128
3908	90	128
3909	89	128
3910	88	128
3911	87	128
3912	87	128
3913	86	128
3914	86	128
3915	85	128
3916	85	127
3917	85	128
3918	85	128
3919	85	128
3920	85	128
3921	86	128
3922	86	128
3923	87	128
3924	87	128
3925	88	128
3926	89	128
3927	90	128
3928	91	127
3929	92	128
3930	93	128
3931	95	127
3932	96	128
3933	98	128
3934	100	128
3935	102	128
3936	104	128
3937	106	128
3938	109	128
3939	111	128
3940	114	128
3941	116	128
3942	119	128
3943	122	128
3944	125	128
3945	128	128
3946	131	127
3947	135	128
3948	139	128
3949	143	128
3950	146	128
3951	150	128
3952	153	128
3953	157	128
3954	161	128
3955	165	128
3956	169	127
3957	172	128
3958	175	128
3959	179	128
3960	183	128
3961	186	128
3962	189	128
3963	192	128
3964	194	128
3965	197	127
3966	199	128
3967	201	128
3968	203	128
3969	203	128
3970	204	128
3971	205	128
3972	206	128
3973	206	128
3974	206	128
3975	206	128
3976	205	127
3977	204	128
3978	203	128
3979	202	128
3980	201	128
3981	199	128
3982	197	128
3983	195	128
3984	193	128
3985	191	128
3986	189	128
3987	186	128
3988	183	128
3989	181	128
3990	179	128
3991	176	128
3992	173	128
3993	170	128
3994	167	128
3995	165	129
3996	162	128
3997	160	128
3998	158	128
3999	155	128
4000	152	128
4001	149	128
4002	147	128
4003	145	128
4004	143	128
4005	141	128
4006	138	128
4007	135	128
4008	133	128
4009	132	128
4010	130	128
4011	128	128
4012	126	128
4013	124	128
4014	122	128
4015	121	128
4016	120	128
4017	119	128
4018	117	128
4019	115	128
4020	115	128
4021	113	128
4022	112	128
4023	112	128
4024	111	128
4025	110	128
4026	110	128
4027	109	128
4028	108	128
4029	108	128
4030	108	128
4031	107	128
4032	107	128
4033	107	128
4034	107	128
4035	108	128
4036	108	128
4037	108	128
4038	108	128
4039	109	128
4040	109	128
4041	110	128
4042	111	128
4043	112	128
4044	113	128
4045	113	128
4046	114	128
4047	115	128
4048	117	128
4049	118	128
4050	120	128
4051	121	128
4052	123	128
4053	124	128
4054	126	128
4055	127	128
4056	131	128
4057	131	128
4058	127	128
4059	137	128
4060	140	128
4061	143	128
4062	139	128
4063	143	128
4064	143	128
4065	146	128
4066	149	128
4067	151	128
4068	154	128
4069	158	128
4070	159	128
4071	161	128
4072	163	128
4073	164	128
4074	167	128
4075	169	128
4076	172	128
4077	173	128
4078	175	128
4079	176	128
4080	177	128
4081	179	128
4082	181	128
4083	181	128
4084	182	128
4085	183	128
4086	184	128
4087	184	128
4088	185	128
4089	185	128
4090	185	128
4091	185	128
4092	185	128
4093	185	128
4094	184	128
4095	184	128
