         2        -0.200104230958096E+004
         3        -0.200087381182311E+004
         4        -0.200294166090008E+004
         5        -0.200336542318180E+004
         6        -0.200345461257150E+004
         7        -0.200360013468756E+004
         8        -0.200308110041909E+004
         9        -0.200331837678450E+004
        10        -0.200360358117423E+004
        11        -0.200361072713529E+004
        12        -0.200361502961066E+004
        13        -0.200361632278654E+004
        14        -0.200361665758452E+004
        15        -0.200361666430086E+004
        16        -0.200361673875408E+004
        17        -0.200361629539301E+004
        18        -0.200361679754100E+004
        19        -0.200361679608846E+004
        20        -0.200361675568581E+004
        21        -0.200361676087341E+004
        22        -0.200361676733955E+004
        23        -0.200361676662446E+004
        24        -0.200361676679628E+004
        25        -0.200361676636081E+004
        26        -0.200361676702856E+004
        27        -0.200361676611140E+004
        28        -0.200361676620657E+004
