         1         0.100000000000000E+001
         2         0.100000000000000E+001
         3         0.100000000000000E+001
         4         0.100000000000000E+001
         5         0.100000000000000E+001
         6         0.100000000000000E+001
         7         0.100000000000000E+001
         8         0.100000000000000E+001
         9         0.100000000000000E+001
        10         0.100000000000000E+001
        11         0.100000000000000E+001
        12         0.100000000000000E+001
        13         0.100000000000000E+001
        14         0.100000000000000E+001
        15         0.100000000000000E+001
        16         0.100000000000000E+001
        17         0.100000000000000E+001
        18         0.100000000000000E+001
        19         0.100000000000000E+001
        20         0.100000000000000E+001
        21         0.100000000000000E+001
        22         0.100000000000000E+001
        23         0.100000000000000E+001
        24         0.100000000000000E+001
        25         0.100000000000000E+001
        26         0.100000000000000E+001
        27         0.100000000000000E+001
        28         0.100000000000000E+001
 
         1         0.100000000000000E+001
         2         0.100000000000000E+001
         3         0.100000000000000E+001
         4         0.100000000000000E+001
         5         0.100000000000000E+001
         6         0.100000000000000E+001
         7         0.100000000000000E+001
         8         0.100000000000000E+001
         9         0.100000000000000E+001
        10         0.100000000000000E+001
        11         0.100000000000000E+001
        12         0.100000000000000E+001
        13         0.100000000000000E+001
        14         0.100000000000000E+001
        15         0.100000000000000E+001
        16         0.100000000000000E+001
        17         0.100000000000000E+001
        18         0.100000000000000E+001
        19         0.100000000000000E+001
        20         0.100000000000000E+001
        21         0.100000000000000E+001
        22         0.100000000000000E+001
        23         0.100000000000000E+001
        24         0.100000000000000E+001
        25         0.100000000000000E+001
        26         0.100000000000000E+001
        27         0.100000000000000E+001
        28         0.100000000000000E+001
 
         1         0.107588162730543E+001
         2         0.110785192901399E+001
         3         0.111719192305143E+001
         4         0.113921334990902E+001
         5         0.115323591158202E+001
         6         0.113453451458423E+001
         7         0.114618594575923E+001
         8         0.114478253412065E+001
         9         0.117036630730042E+001
        10         0.115849368963078E+001
        11         0.116081411798793E+001
        12         0.115472640583961E+001
        13         0.115625844422646E+001
        14         0.115567709031082E+001
        15         0.115696376313160E+001
        16         0.115761901662242E+001
        17         0.115785446191807E+001
        18         0.115843491762160E+001
        19         0.115859680947824E+001
        20         0.115865506361956E+001
        21         0.115867670089476E+001
        22         0.115868026044729E+001
        23         0.115868102883426E+001
        24         0.115868190269149E+001
        25         0.115868878124380E+001
        26         0.115869064752870E+001
        27         0.115869348399016E+001
        28         0.115869378612138E+001
 
         1         0.107557444048412E+001
         2         0.110597868981093E+001
         3         0.111513884826192E+001
         4         0.113418021453432E+001
         5         0.112396031302666E+001
         6         0.110784826348505E+001
         7         0.109794481625476E+001
         8         0.112035746842664E+001
         9         0.111173227601619E+001
        10         0.109805593851746E+001
        11         0.110381600599459E+001
        12         0.109870329039171E+001
        13         0.110156705024752E+001
        14         0.110140923921186E+001
        15         0.110049316774529E+001
        16         0.109959120189326E+001
        17         0.109982846287917E+001
        18         0.109964875677476E+001
        19         0.109960144452455E+001
        20         0.109963527493122E+001
        21         0.109963810219049E+001
        22         0.109963263833388E+001
        23         0.109963339102959E+001
        24         0.109963368875495E+001
        25         0.109963358781064E+001
        26         0.109963264661721E+001
        27         0.109963309240330E+001
        28         0.109963322554268E+001
 
         1         0.107476221145484E+001
         2         0.108555023081830E+001
         3         0.110051173617265E+001
         4         0.109961320893555E+001
         5         0.112834366428612E+001
         6         0.117675362900133E+001
         7         0.119171182810560E+001
         8         0.112301386533986E+001
         9         0.116779042798852E+001
        10         0.119249942793991E+001
        11         0.120021638093659E+001
        12         0.120176238228629E+001
        13         0.120076274927654E+001
        14         0.120030508096674E+001
        15         0.120236853606314E+001
        16         0.120414902126290E+001
        17         0.120384331173305E+001
        18         0.120480551853423E+001
        19         0.120530983049898E+001
        20         0.120539519200691E+001
        21         0.120539782441268E+001
        22         0.120540480495175E+001
        23         0.120540645281190E+001
        24         0.120541025346170E+001
        25         0.120542144857655E+001
        26         0.120542916608191E+001
        27         0.120543446984349E+001
        28         0.120543464581981E+001
 
         1         0.106975354579800E+001
         2         0.109623538707232E+001
         3         0.110473863443959E+001
         4         0.112266444315171E+001
         5         0.116708005320598E+001
         6         0.120167764450323E+001
         7         0.119377994799939E+001
         8         0.114021325477985E+001
         9         0.117543559887206E+001
        10         0.118301385280558E+001
        11         0.117671253173289E+001
        12         0.117654888015228E+001
        13         0.117199909492340E+001
        14         0.117254004776312E+001
        15         0.116828797918114E+001
        16         0.116662427330258E+001
        17         0.116471926116686E+001
        18         0.116198248372254E+001
        19         0.116117129672996E+001
        20         0.116088905404989E+001
        21         0.116079133419130E+001
        22         0.116078830351569E+001
        23         0.116079449746612E+001
        24         0.116080852162714E+001
        25         0.116080204122788E+001
        26         0.116079881485348E+001
        27         0.116078631965405E+001
        28         0.116078495210034E+001
 
         1         0.107239759177538E+001
         2         0.110139085209214E+001
         3         0.111073067455583E+001
         4         0.113112417951439E+001
         5         0.118051054436700E+001
         6         0.120863739184808E+001
         7         0.119832075816436E+001
         8         0.114027563216199E+001
         9         0.117487462305718E+001
        10         0.118552343093896E+001
        11         0.118101362096216E+001
        12         0.118322403224220E+001
        13         0.118001296644075E+001
        14         0.118038368442079E+001
        15         0.117887135722814E+001
        16         0.117854048089894E+001
        17         0.117778853277745E+001
        18         0.117687720171031E+001
        19         0.117657391033653E+001
        20         0.117642747791801E+001
        21         0.117637111414689E+001
        22         0.117635845485083E+001
        23         0.117635364903131E+001
        24         0.117634842180994E+001
        25         0.117632804170717E+001
        26         0.117632401125239E+001
        27         0.117631755119748E+001
        28         0.117631700857253E+001
 
         1         0.107684298783306E+001
         2         0.110946392636126E+001
         3         0.112000387357342E+001
         4         0.114436578175650E+001
         5         0.121904640168743E+001
         6         0.129553672782507E+001
         7         0.130656367163918E+001
         8         0.130147196284023E+001
         9         0.134711996455948E+001
        10         0.134193859121256E+001
        11         0.134123982781747E+001
        12         0.133822527437190E+001
        13         0.134563515150534E+001
        14         0.134505774976901E+001
        15         0.134860706347043E+001
        16         0.134879050989568E+001
        17         0.135134885195631E+001
        18         0.135375952907641E+001
        19         0.135435588106401E+001
        20         0.135465832930742E+001
        21         0.135480268843559E+001
        22         0.135482879491063E+001
        23         0.135483552542838E+001
        24         0.135483967416520E+001
        25         0.135487992369556E+001
        26         0.135488501979613E+001
        27         0.135489884991006E+001
        28         0.135490014338857E+001
 
