         2        -0.200362219340046E+004
         3        -0.200362013356326E+004
         4        -0.200362381909002E+004
         5        -0.200362380692290E+004
         6        -0.200362370864906E+004
         7        -0.200362372529601E+004
         8        -0.200362372895750E+004
         9        -0.200362372789825E+004
        10        -0.200362373070927E+004
        11        -0.200362372591418E+004
        12        -0.200362372386351E+004
        13        -0.200362372343302E+004
        14        -0.200362372363092E+004
