Main version: 5.00
Sub  version: M-CPA
naps     6 nmax   17
------ Voronoi cell ------ S:    1  np     6
   1     3     -1      0      0
   2     4      0      0      0
   3     4      0      1      1
   4     5      0      1      0
   5     6     -1      0      0
   6     6      0      0      1
------ Voronoi cell ------ S:    2  np     6
   1     3      0     -1     -1
   2     3      0      0      0
   3     4      1      0      0
   4     5      0      0     -1
   5     5      1      0      0
   6     6      0     -1      0
------ Voronoi cell ------ S:    3  np    17
   1     1      1      0      0
   2     2      0      0      0
   3     2      0      1      1
   4     3     -1      0     -1
   5     3      1      0      1
   6     4      0      0      0
   7     4      1      0      0
   8     4      1      0      1
   9     4      1      1      1
  10     5      0      0     -1
  11     5      0      1      0
  12     5      1      0      0
  13     5      1      1      1
  14     6      0     -1      0
  15     6      0      0      0
  16     6      0      0      1
  17     6      1      0      1
------ Voronoi cell ------ S:    4  np    17
   1     1      0     -1     -1
   2     1      0      0      0
   3     2     -1      0      0
   4     3     -1     -1     -1
   5     3     -1      0     -1
   6     3     -1      0      0
   7     3      0      0      0
   8     4     -1      0     -1
   9     4      1      0      1
  10     5     -1      0     -1
  11     5      0      0     -1
  12     5      0      0      0
  13     5      0      1      0
  14     6     -1     -1     -1
  15     6     -1      0      0
  16     6      0     -1      0
  17     6      0      0      1
------ Voronoi cell ------ S:    5  np    17
   1     1      0     -1      0
   2     2     -1      0      0
   3     2      0      0      1
   4     3     -1     -1     -1
   5     3     -1      0      0
   6     3      0     -1      0
   7     3      0      0      1
   8     4      0     -1      0
   9     4      0      0      0
  10     4      0      0      1
  11     4      1      0      1
  12     5      0     -1     -1
  13     5      0      1      1
  14     6     -1     -1      0
  15     6      0     -1      0
  16     6      0     -1      1
  17     6      0      0      1
------ Voronoi cell ------ S:    6  np    17
   1     1      0      0     -1
   2     1      1      0      0
   3     2      0      1      0
   4     3     -1      0     -1
   5     3      0      0     -1
   6     3      0      0      0
   7     3      0      1      0
   8     4      0      0     -1
   9     4      0      1      0
  10     4      1      0      0
  11     4      1      1      1
  12     5      0      0     -1
  13     5      0      1     -1
  14     5      0      1      0
  15     5      1      1      0
  16     6      0     -1     -1
  17     6      0      1      1
