         1         0.100000000000000E+001
         2         0.100000000000000E+001
         3         0.100000000000000E+001
         4         0.100000000000000E+001
         5         0.100000000000000E+001
         6         0.100000000000000E+001
         7         0.100000000000000E+001
         8         0.100000000000000E+001
         9         0.100000000000000E+001
        10         0.100000000000000E+001
        11         0.100000000000000E+001
        12         0.100000000000000E+001
 
         1         0.100000000000000E+001
         2         0.100000000000000E+001
         3         0.100000000000000E+001
         4         0.100000000000000E+001
         5         0.100000000000000E+001
         6         0.100000000000000E+001
         7         0.100000000000000E+001
         8         0.100000000000000E+001
         9         0.100000000000000E+001
        10         0.100000000000000E+001
        11         0.100000000000000E+001
        12         0.100000000000000E+001
 
         1         0.116029124900921E+001
         2         0.115949389422267E+001
         3         0.115979610223431E+001
         4         0.115963954431013E+001
         5         0.115963367533561E+001
         6         0.115963855651578E+001
         7         0.115963192750355E+001
         8         0.115961904178677E+001
         9         0.115959825939398E+001
        10         0.115959628965152E+001
        11         0.115959520593397E+001
        12         0.115959716743898E+001
 
         1         0.112659525398598E+001
         2         0.112597463717468E+001
         3         0.112627986483116E+001
         4         0.112623920393413E+001
         5         0.112624592364836E+001
         6         0.112625540036582E+001
         7         0.112625249553940E+001
         8         0.112624832870225E+001
         9         0.112624358516699E+001
        10         0.112624305197623E+001
        11         0.112624243389248E+001
        12         0.112624302751529E+001
 
         1         0.121655990653267E+001
         2         0.121537251724350E+001
         3         0.121615978287480E+001
         4         0.121596244237653E+001
         5         0.121581883681117E+001
         6         0.121583182336668E+001
         7         0.121582032004265E+001
         8         0.121580414294150E+001
         9         0.121577187827892E+001
        10         0.121576916328474E+001
        11         0.121576636212667E+001
        12         0.121576856756607E+001
 
         1         0.115704010227205E+001
         2         0.115727334452683E+001
         3         0.115717331621942E+001
         4         0.115722978552518E+001
         5         0.115725937881487E+001
         6         0.115729156592742E+001
         7         0.115731912134148E+001
         8         0.115736938810950E+001
         9         0.115744754182229E+001
        10         0.115745686766513E+001
        11         0.115745942337794E+001
        12         0.115745213561202E+001
 
         1         0.120408701490564E+001
         2         0.120426870458231E+001
         3         0.120418115955652E+001
         4         0.120420553816975E+001
         5         0.120421217109024E+001
         6         0.120421573001557E+001
         7         0.120422166202551E+001
         8         0.120423268740180E+001
         9         0.120425002574564E+001
        10         0.120425204388230E+001
        11         0.120425273643848E+001
        12         0.120425118653811E+001
 
         1         0.138173970485357E+001
         2         0.138281379241697E+001
         3         0.138194134409161E+001
         4         0.138193562914258E+001
         5         0.138203534064133E+001
         6         0.138197985383192E+001
         7         0.138196001829478E+001
         8         0.138191633654515E+001
         9         0.138185025996247E+001
        10         0.138184011072655E+001
        11         0.138183940631314E+001
        12         0.138184543154148E+001
 
