         2        -0.200361922024756E+004
         3        -0.200361688019063E+004
         4        -0.200362196576366E+004
         5        -0.200362197260766E+004
         6        -0.200362185858408E+004
         7        -0.200362187614563E+004
         8        -0.200362188152968E+004
         9        -0.200362188112195E+004
        10        -0.200362188493513E+004
        11        -0.200362187879199E+004
        12        -0.200362187673834E+004
        13        -0.200362187588023E+004
        14        -0.200362187629299E+004
