         1         0.100000000000000E+001
         2         0.100000000000000E+001
         3         0.100000000000000E+001
         4         0.100000000000000E+001
         5         0.100000000000000E+001
         6         0.100000000000000E+001
         7         0.100000000000000E+001
         8         0.100000000000000E+001
         9         0.100000000000000E+001
        10         0.100000000000000E+001
        11         0.100000000000000E+001
        12         0.100000000000000E+001
        13         0.100000000000000E+001
        14         0.100000000000000E+001
 
         1         0.100000000000000E+001
         2         0.100000000000000E+001
         3         0.100000000000000E+001
         4         0.100000000000000E+001
         5         0.100000000000000E+001
         6         0.100000000000000E+001
         7         0.100000000000000E+001
         8         0.100000000000000E+001
         9         0.100000000000000E+001
        10         0.100000000000000E+001
        11         0.100000000000000E+001
        12         0.100000000000000E+001
        13         0.100000000000000E+001
        14         0.100000000000000E+001
 
         1         0.115530376609062E+001
         2         0.115901209404931E+001
         3         0.115773947240417E+001
         4         0.115848908891902E+001
         5         0.115850320680433E+001
         6         0.115846482722562E+001
         7         0.115848063607847E+001
         8         0.115853861408324E+001
         9         0.115860820195307E+001
        10         0.115862546626752E+001
        11         0.115862940065093E+001
        12         0.115863028729125E+001
        13         0.115862996762218E+001
        14         0.115863020858472E+001
 
         1         0.112688564300643E+001
         2         0.112959935371521E+001
         3         0.112831226241625E+001
         4         0.112842459673324E+001
         5         0.112839968211634E+001
         6         0.112835601163643E+001
         7         0.112836347134363E+001
         8         0.112838240175846E+001
         9         0.112838569117614E+001
        10         0.112839166810547E+001
        11         0.112839462934091E+001
        12         0.112839482570207E+001
        13         0.112839450456691E+001
        14         0.112839459711992E+001
 
         1         0.120473597610442E+001
         2         0.120967940260731E+001
         3         0.120637678929136E+001
         4         0.120729355092180E+001
         5         0.120785618052584E+001
         6         0.120784074017167E+001
         7         0.120784573595332E+001
         8         0.120791041664025E+001
         9         0.120800102840385E+001
        10         0.120803610174519E+001
        11         0.120804891704245E+001
        12         0.120805125368976E+001
        13         0.120804983091730E+001
        14         0.120805014637137E+001
 
         1         0.115682863597382E+001
         2         0.115583052645960E+001
         3         0.115622543874548E+001
         4         0.115598825397819E+001
         5         0.115587510627577E+001
         6         0.115574248677186E+001
         7         0.115566977794804E+001
         8         0.115545633769722E+001
         9         0.115516508784693E+001
        10         0.115511771336648E+001
        11         0.115511403968642E+001
        12         0.115511383878933E+001
        13         0.115511429784758E+001
        14         0.115511452953807E+001
 
         1         0.120419558192395E+001
         2         0.120341335853188E+001
         3         0.120377346166899E+001
         4         0.120367553684177E+001
         5         0.120364966274337E+001
         6         0.120363463705207E+001
         7         0.120361942108234E+001
         8         0.120357290863763E+001
         9         0.120351281024935E+001
        10         0.120350183484478E+001
        11         0.120350062157645E+001
        12         0.120350039257208E+001
        13         0.120350049547833E+001
        14         0.120350043768247E+001
 
         1         0.138509960208343E+001
         2         0.138055975339767E+001
         3         0.138419136432944E+001
         4         0.138414653244079E+001
         5         0.138375661213843E+001
         6         0.138391775550749E+001
         7         0.138399392012289E+001
         8         0.138417835414291E+001
         9         0.138445198635271E+001
        10         0.138447760086445E+001
        11         0.138447284549572E+001
        12         0.138447075774560E+001
        13         0.138447159243299E+001
        14         0.138447119988409E+001
 
