
TIME STEP:
125 = 20us

VOLTAGE STEP:
CH1:  32 = 50mV
CH2:  32 = 15mV
GND	1	128
N	CH1	CH2

0	10	128
1	11	128
2	11	128
3	10	128
4	10	128
5	10	129
6	10	128
7	10	128
8	10	128
9	10	128
10	10	128
11	10	128
12	10	128
13	10	128
14	10	128
15	10	128
16	10	128
17	10	128
18	11	128
19	11	128
20	10	128
21	10	128
22	10	128
23	10	128
24	11	128
25	11	128
26	11	128
27	11	128
28	11	128
29	11	128
30	11	128
31	12	128
32	12	127
33	12	127
34	12	128
35	13	127
36	13	127
37	14	127
38	15	127
39	15	128
40	17	128
41	19	127
42	22	128
43	26	128
44	32	128
45	45	128
46	94	128
47	189	128
48	255	127
49	255	128
50	235	128
51	202	128
52	217	128
53	255	128
54	255	127
55	255	127
56	255	128
57	255	128
58	255	128
59	255	128
60	255	128
61	255	128
62	255	128
63	255	128
64	255	128
65	255	128
66	255	128
67	255	128
68	255	128
69	255	128
70	255	128
71	255	128
72	255	128
73	250	128
74	234	128
75	212	128
76	190	128
77	175	128
78	168	128
79	163	127
80	155	128
81	143	128
82	130	127
83	118	128
84	111	127
85	106	127
86	103	128
87	98	128
88	91	128
89	85	128
90	79	128
91	74	128
92	71	128
93	68	128
94	66	128
95	63	128
96	60	128
97	57	128
98	55	128
99	52	128
100	50	128
101	48	128
102	46	128
103	45	128
104	43	128
105	42	128
106	41	128
107	40	128
108	39	128
109	37	128
110	37	128
111	36	128
112	35	128
113	35	128
114	34	128
115	33	128
116	33	128
117	32	128
118	32	128
119	32	128
120	31	128
121	31	128
122	30	128
123	31	128
124	30	128
125	30	128
126	30	128
127	29	128
128	29	128
129	29	128
130	29	128
131	29	128
132	29	128
133	30	128
134	30	128
135	30	128
136	30	128
137	30	128
138	31	128
139	31	128
140	31	128
141	32	128
142	33	128
143	33	127
144	34	128
145	35	128
146	36	128
147	37	128
148	39	128
149	40	128
150	42	128
151	43	128
152	45	128
153	47	128
154	49	128
155	51	128
156	53	128
157	55	128
158	57	128
159	60	128
160	63	128
161	66	128
162	69	128
163	72	128
164	75	128
165	79	128
166	83	128
167	87	128
168	91	127
169	95	128
170	100	128
171	105	128
172	110	128
173	115	128
174	120	128
175	125	128
176	131	128
177	137	128
178	142	128
179	148	127
180	154	128
181	159	128
182	165	128
183	171	128
184	176	128
185	181	128
186	186	128
187	191	128
188	196	128
189	199	128
190	202	128
191	205	128
192	208	128
193	210	128
194	211	128
195	212	128
196	212	128
197	212	128
198	211	128
199	210	128
200	208	128
201	206	128
202	203	128
203	200	128
204	196	128
205	192	128
206	188	128
207	183	127
208	179	128
209	174	128
210	169	128
211	163	128
212	157	128
213	153	128
214	148	128
215	143	128
216	138	128
217	134	128
218	128	128
219	123	128
220	119	128
221	115	128
222	110	128
223	106	128
224	102	128
225	98	127
226	95	128
227	91	128
228	87	128
229	85	128
230	81	128
231	78	128
232	76	128
233	73	128
234	71	128
235	68	128
236	66	128
237	64	129
238	62	128
239	60	128
240	59	128
241	56	128
242	55	128
243	54	128
244	51	128
245	50	128
246	56	128
247	53	128
248	49	128
249	43	128
250	47	128
251	47	128
252	46	128
253	45	128
254	43	128
255	41	128
256	42	128
257	41	128
258	41	128
259	40	128
260	39	128
261	39	128
262	38	128
263	37	128
264	37	128
265	37	128
266	37	128
267	37	128
268	37	128
269	36	128
270	37	128
271	37	128
272	37	128
273	37	128
274	37	128
275	37	128
276	38	128
277	38	128
278	38	128
279	38	128
280	39	128
281	39	128
282	40	128
283	41	128
284	42	128
285	42	128
286	43	128
287	44	128
288	45	128
289	46	128
290	48	128
291	49	128
292	51	128
293	52	128
294	53	128
295	55	128
296	57	128
297	59	128
298	60	128
299	63	128
300	65	128
301	67	128
302	70	128
303	73	128
304	75	128
305	78	128
306	81	128
307	84	128
308	87	128
309	90	128
310	94	128
311	98	128
312	101	128
313	105	128
314	109	128
315	114	128
316	118	128
317	121	128
318	125	128
319	129	128
320	135	128
321	142	128
322	144	128
323	147	128
324	150	127
325	156	128
326	162	128
327	164	128
328	167	128
329	170	128
330	175	128
331	179	128
332	181	128
333	183	128
334	184	128
335	186	128
336	188	128
337	189	128
338	191	128
339	189	128
340	189	128
341	188	128
342	188	128
343	187	128
344	185	128
345	183	128
346	180	128
347	177	128
348	174	128
349	171	128
350	169	128
351	165	128
352	161	128
353	156	128
354	153	128
355	149	128
356	146	127
357	141	128
358	137	128
359	133	127
360	130	128
361	126	128
362	122	128
363	119	128
364	115	128
365	111	128
366	107	128
367	104	128
368	101	128
369	98	128
370	95	128
371	92	128
372	89	128
373	86	128
374	84	128
375	82	128
376	79	128
377	77	127
378	75	128
379	73	128
380	71	128
381	69	128
382	67	128
383	65	128
384	64	128
385	63	128
386	61	127
387	60	128
388	59	128
389	57	128
390	56	128
391	55	128
392	54	128
393	53	128
394	53	128
395	52	128
396	51	128
397	50	128
398	49	128
399	49	128
400	49	128
401	48	128
402	48	128
403	47	128
404	47	128
405	47	128
406	47	128
407	47	128
408	47	128
409	47	128
410	47	127
411	46	128
412	47	128
413	47	128
414	47	128
415	47	128
416	48	128
417	48	128
418	49	128
419	49	128
420	50	128
421	50	128
422	51	128
423	52	128
424	52	128
425	53	128
426	54	128
427	55	128
428	56	128
429	57	128
430	59	128
431	60	128
432	62	128
433	63	128
434	65	128
435	67	128
436	68	128
437	70	128
438	72	128
439	74	128
440	76	128
441	78	128
442	80	128
443	83	128
444	85	128
445	88	128
446	91	128
447	93	128
448	97	128
449	99	128
450	102	128
451	105	128
452	108	128
453	111	128
454	115	128
455	118	128
456	121	128
457	124	128
458	127	128
459	130	128
460	133	128
461	137	128
462	139	128
463	142	128
464	144	128
465	147	128
466	149	128
467	151	128
468	153	128
469	155	128
470	157	128
471	158	128
472	158	128
473	159	128
474	159	128
475	160	128
476	160	128
477	159	127
478	158	128
479	157	128
480	156	128
481	154	128
482	153	128
483	151	128
484	148	128
485	146	128
486	143	128
487	140	127
488	137	128
489	135	128
490	132	127
491	129	127
492	126	128
493	123	127
494	120	128
495	117	128
496	114	128
497	111	128
498	108	128
499	105	128
500	102	128
501	100	128
502	97	128
503	95	128
504	93	128
505	91	128
506	89	128
507	87	128
508	85	128
509	83	128
510	81	128
511	79	128
512	78	128
513	76	128
514	75	128
515	73	128
516	71	127
517	71	128
518	69	127
519	68	128
520	73	128
521	71	127
522	67	128
523	62	127
524	65	128
525	65	127
526	66	127
527	63	127
528	62	128
529	59	127
530	61	128
531	60	128
532	61	128
533	59	127
534	59	127
535	59	127
536	58	128
537	57	127
538	58	128
539	58	128
540	58	128
541	58	128
542	59	128
543	59	128
544	59	128
545	59	128
546	60	128
547	60	128
548	60	127
549	61	128
550	61	127
551	62	127
552	62	127
553	63	127
554	64	128
555	65	127
556	66	127
557	66	127
558	67	127
559	68	127
560	69	128
561	71	127
562	72	127
563	73	128
564	75	127
565	76	128
566	77	128
567	79	127
568	80	128
569	82	128
570	83	128
571	84	128
572	87	128
573	88	128
574	90	128
575	91	128
576	93	128
577	95	128
578	97	128
579	99	128
580	101	128
581	103	128
582	105	128
583	106	128
584	108	128
585	110	128
586	112	128
587	113	128
588	115	128
589	117	128
590	118	128
591	120	128
592	120	128
593	121	128
594	124	128
595	127	128
596	125	128
597	125	128
598	125	128
599	127	127
600	129	128
601	127	128
602	126	128
603	126	128
604	128	128
605	129	128
606	129	127
607	127	128
608	125	128
609	125	128
610	125	128
611	125	128
612	125	128
613	123	128
614	122	128
615	121	128
616	121	128
617	120	128
618	119	128
619	118	127
620	116	128
621	114	128
622	112	128
623	111	128
624	110	128
625	109	128
626	108	128
627	106	128
628	105	128
629	103	128
630	101	128
631	100	128
632	99	128
633	98	128
634	97	128
635	95	128
636	94	128
637	93	128
638	91	128
639	90	128
640	89	128
641	88	128
642	87	128
643	86	128
644	85	128
645	84	128
646	84	128
647	83	128
648	82	128
649	81	128
650	80	128
651	80	128
652	79	128
653	78	128
654	78	128
655	77	128
656	77	128
657	76	128
658	76	128
659	76	128
660	75	128
661	75	128
662	75	128
663	75	128
664	75	128
665	74	128
666	74	128
667	74	128
668	74	128
669	74	128
670	74	128
671	74	128
672	74	128
673	74	128
674	74	128
675	75	128
676	75	128
677	75	128
678	76	128
679	76	128
680	77	128
681	77	128
682	77	128
683	78	128
684	78	128
685	79	128
686	79	128
687	80	128
688	81	128
689	81	128
690	82	128
691	83	128
692	83	128
693	84	128
694	85	128
695	86	128
696	87	128
697	87	128
698	88	128
699	89	128
700	89	128
701	90	128
702	91	128
703	93	129
704	93	128
705	94	128
706	95	128
707	96	128
708	97	128
709	98	128
710	99	128
711	100	128
712	100	128
713	101	128
714	102	128
715	103	128
716	103	128
717	104	128
718	104	128
719	105	128
720	106	128
721	106	128
722	107	128
723	108	128
724	108	128
725	109	128
726	109	128
727	110	128
728	110	128
729	110	128
730	110	128
731	110	128
732	111	128
733	111	128
734	111	128
735	110	128
736	110	128
737	110	128
738	110	128
739	110	128
740	109	128
741	109	128
742	108	128
743	108	128
744	108	128
745	107	128
746	107	128
747	106	128
748	106	128
749	105	128
750	105	128
751	104	128
752	103	128
753	102	128
754	102	128
755	101	128
756	100	128
757	99	128
758	98	128
759	97	128
760	97	128
761	96	128
762	95	128
763	95	128
764	94	128
765	93	128
766	92	128
767	91	128
768	90	128
769	90	128
770	89	128
771	88	128
772	87	128
773	87	128
774	86	128
775	86	128
776	85	128
777	84	128
778	84	128
779	83	128
780	83	128
781	82	128
782	81	128
783	81	128
784	80	128
785	80	128
786	80	128
787	79	128
788	79	127
789	79	128
790	78	127
791	78	128
792	77	128
793	78	128
794	83	128
795	83	128
796	79	128
797	75	128
798	79	128
799	79	128
800	81	127
801	79	128
802	78	128
803	77	128
804	79	127
805	77	128
806	80	128
807	78	128
808	78	128
809	78	128
810	77	128
811	77	128
812	79	127
813	80	128
814	80	128
815	80	128
816	80	128
817	80	128
818	81	128
819	82	128
820	82	128
821	82	127
822	82	128
823	83	128
824	83	128
825	84	128
826	85	128
827	85	128
828	86	127
829	87	128
830	87	128
831	88	128
832	89	128
833	89	128
834	90	128
835	91	128
836	92	128
837	93	128
838	93	127
839	94	128
840	94	128
841	95	128
842	96	128
843	97	128
844	97	128
845	99	128
846	99	128
847	100	128
848	101	128
849	101	128
850	102	128
851	102	128
852	103	128
853	104	128
854	104	128
855	105	128
856	105	128
857	105	128
858	106	128
859	107	128
860	107	128
861	107	128
862	107	128
863	108	128
864	108	128
865	108	128
866	108	128
867	106	128
868	107	128
869	110	128
870	109	128
871	107	128
872	106	128
873	108	128
874	110	128
875	107	128
876	105	128
877	105	128
878	106	128
879	107	128
880	106	128
881	105	128
882	104	128
883	104	128
884	103	128
885	103	128
886	103	128
887	102	127
888	101	127
889	101	128
890	101	128
891	100	128
892	99	127
893	99	128
894	98	128
895	97	127
896	97	128
897	96	128
898	96	127
899	95	128
900	95	128
901	94	128
902	94	128
903	93	128
904	93	128
905	92	128
906	92	128
907	92	128
908	91	128
909	90	128
910	90	128
911	89	128
912	89	128
913	88	128
914	88	128
915	88	128
916	87	128
917	87	127
918	87	128
919	87	128
920	87	128
921	87	128
922	86	128
923	86	128
924	86	128
925	86	128
926	85	128
927	86	128
928	85	128
929	85	128
930	86	128
931	86	128
932	86	128
933	86	128
934	86	128
935	86	128
936	86	128
937	87	128
938	87	128
939	87	128
940	88	128
941	87	128
942	88	128
943	88	128
944	89	128
945	89	128
946	89	128
947	90	128
948	90	128
949	91	128
950	91	128
951	92	128
952	92	128
953	93	128
954	93	128
955	94	128
956	94	128
957	95	128
958	96	128
959	97	128
960	97	128
961	98	128
962	99	128
963	99	128
964	100	128
965	101	128
966	101	128
967	102	128
968	103	128
969	103	128
970	104	128
971	105	128
972	105	128
973	106	128
974	106	128
975	107	128
976	107	128
977	108	128
978	109	128
979	110	128
980	110	128
981	111	128
982	111	128
983	111	128
984	112	128
985	112	128
986	112	128
987	113	128
988	113	128
989	113	127
990	113	128
991	114	128
992	114	128
993	114	128
994	114	128
995	115	128
996	115	128
997	115	128
998	115	128
999	115	128
1000	115	128
1001	115	128
1002	114	128
1003	114	128
1004	114	128
1005	113	128
1006	113	128
1007	113	128
1008	113	128
1009	113	128
1010	113	128
1011	112	128
1012	112	128
1013	112	127
1014	112	128
1015	111	128
1016	111	127
1017	110	128
1018	110	128
1019	109	128
1020	109	128
1021	109	128
1022	147	129
1023	106	127
1024	86	129
1025	110	127
1026	105	128
1027	102	128
1028	104	127
1029	107	128
1030	104	128
1031	102	128
1032	105	128
1033	106	128
1034	103	128
1035	102	128
1036	102	128
1037	101	128
1038	97	128
1039	98	128
1040	98	128
1041	95	128
1042	93	128
1043	93	128
1044	91	128
1045	89	128
1046	89	128
1047	88	128
1048	87	128
1049	85	128
1050	84	128
1051	83	128
1052	81	128
1053	79	128
1054	78	128
1055	76	128
1056	74	128
1057	73	128
1058	70	128
1059	69	128
1060	67	128
1061	66	128
1062	65	128
1063	63	128
1064	62	128
1065	61	128
1066	59	128
1067	59	128
1068	62	128
1069	59	128
1070	58	128
1071	51	128
1072	56	128
1073	50	128
1074	51	128
1075	47	128
1076	47	128
1077	45	128
1078	44	128
1079	42	128
1080	41	128
1081	40	128
1082	39	128
1083	39	128
1084	37	128
1085	37	128
1086	36	128
1087	35	128
1088	33	128
1089	33	128
1090	32	128
1091	31	128
1092	30	128
1093	29	128
1094	28	128
1095	27	128
1096	27	128
1097	26	128
1098	25	128
1099	25	128
1100	24	128
1101	24	128
1102	23	128
1103	23	128
1104	22	128
1105	21	128
1106	21	128
1107	21	128
1108	20	128
1109	20	128
1110	19	128
1111	19	128
1112	19	128
1113	18	128
1114	18	128
1115	18	128
1116	17	128
1117	17	128
1118	16	128
1119	16	128
1120	16	128
1121	16	128
1122	15	128
1123	15	128
1124	15	128
1125	15	128
1126	15	128
1127	14	128
1128	14	128
1129	14	128
1130	14	128
1131	14	128
1132	13	128
1133	13	128
1134	13	128
1135	13	128
1136	13	128
1137	13	128
1138	13	128
1139	13	128
1140	12	128
1141	11	128
1142	11	128
1143	14	128
1144	13	128
1145	12	128
1146	11	128
1147	12	128
1148	12	128
1149	11	128
1150	11	128
1151	11	128
1152	11	128
1153	12	128
1154	11	128
1155	11	128
1156	10	128
1157	11	128
1158	11	128
1159	11	128
1160	11	128
1161	11	128
1162	10	128
1163	11	128
1164	11	128
1165	11	128
1166	11	128
1167	10	128
1168	11	128
1169	10	128
1170	11	128
1171	10	128
1172	11	128
1173	10	128
1174	10	128
1175	10	128
1176	10	128
1177	10	128
1178	10	128
1179	10	128
1180	10	128
1181	10	128
1182	10	128
1183	10	128
1184	10	129
1185	10	128
1186	10	128
1187	10	128
1188	10	128
1189	10	128
1190	10	128
1191	10	128
1192	10	128
1193	10	128
1194	10	128
1195	10	128
1196	10	128
1197	10	128
1198	9	128
1199	9	128
1200	9	128
1201	9	128
1202	9	128
1203	10	128
1204	9	128
1205	9	128
1206	10	128
1207	9	128
1208	9	128
1209	9	128
1210	9	128
1211	9	128
1212	9	128
1213	9	128
1214	9	128
1215	9	128
1216	9	128
1217	9	128
1218	9	128
1219	9	127
1220	9	127
1221	9	128
1222	9	128
1223	9	128
1224	9	128
1225	9	128
1226	9	128
1227	9	128
1228	9	128
1229	9	128
1230	9	128
1231	9	128
1232	9	128
1233	9	128
1234	9	128
1235	9	128
1236	9	128
1237	9	128
1238	9	127
1239	9	128
1240	9	128
1241	9	128
1242	9	128
1243	9	128
1244	9	128
1245	9	128
1246	9	128
1247	9	128
1248	9	128
1249	9	128
1250	9	128
1251	9	128
1252	9	128
1253	9	128
1254	9	128
1255	9	128
1256	9	128
1257	9	128
1258	9	128
1259	9	128
1260	9	128
1261	9	128
1262	9	128
1263	9	128
1264	9	128
1265	9	128
1266	9	128
1267	9	128
1268	9	128
1269	9	128
1270	9	128
1271	9	128
1272	9	128
1273	9	128
1274	9	128
1275	9	128
1276	9	128
1277	9	128
1278	9	128
1279	9	128
1280	9	128
1281	9	128
1282	9	128
1283	9	128
1284	9	128
1285	9	128
1286	9	127
1287	9	128
1288	9	128
1289	9	128
1290	9	128
1291	9	127
1292	9	128
1293	9	127
1294	9	128
1295	9	128
1296	9	128
1297	9	128
1298	9	128
1299	9	128
1300	9	128
1301	9	128
1302	9	128
1303	9	128
1304	9	128
1305	9	128
1306	9	128
1307	9	128
1308	9	128
1309	9	128
1310	9	128
1311	9	128
1312	9	128
1313	9	128
1314	9	128
1315	9	128
1316	9	128
1317	9	128
1318	9	128
1319	9	128
1320	9	128
1321	9	128
1322	9	128
1323	9	128
1324	9	128
1325	9	128
1326	9	128
1327	9	128
1328	9	128
1329	9	128
1330	9	128
1331	9	128
1332	9	128
1333	9	128
1334	9	128
1335	9	128
1336	9	128
1337	9	128
1338	9	128
1339	9	128
1340	8	128
1341	9	128
1342	15	128
1343	13	128
1344	11	128
1345	5	128
1346	12	128
1347	7	128
1348	11	128
1349	8	128
1350	9	128
1351	9	128
1352	9	128
1353	9	128
1354	9	128
1355	9	128
1356	9	128
1357	9	128
1358	8	128
1359	9	128
1360	9	128
1361	9	128
1362	9	128
1363	10	128
1364	9	128
1365	9	128
1366	9	128
1367	10	128
1368	9	128
1369	9	128
1370	9	128
1371	9	128
1372	9	128
1373	9	128
1374	9	128
1375	9	128
1376	9	128
1377	9	128
1378	9	128
1379	9	128
1380	9	128
1381	9	128
1382	9	128
1383	9	128
1384	9	128
1385	9	128
1386	9	128
1387	9	128
1388	9	128
1389	9	128
1390	9	128
1391	9	128
1392	9	128
1393	9	128
1394	9	128
1395	9	128
1396	9	128
1397	9	128
1398	9	128
1399	9	128
1400	9	128
1401	9	128
1402	9	128
1403	9	128
1404	9	128
1405	9	128
1406	9	128
1407	9	128
1408	9	128
1409	9	128
1410	9	128
1411	9	128
1412	9	128
1413	9	128
1414	9	128
1415	8	128
1416	7	128
1417	10	128
1418	10	128
1419	9	128
1420	9	127
1421	9	128
1422	9	128
1423	8	128
1424	8	128
1425	9	128
1426	9	128
1427	9	128
1428	9	128
1429	9	128
1430	9	128
1431	9	128
1432	10	128
1433	9	128
1434	9	128
1435	9	128
1436	8	128
1437	8	128
1438	8	128
1439	8	128
1440	9	128
1441	8	128
1442	9	128
1443	9	128
1444	10	128
1445	9	128
1446	10	128
1447	9	128
1448	10	128
1449	10	128
1450	10	128
1451	9	128
1452	9	128
1453	9	128
1454	10	128
1455	9	128
1456	9	128
1457	10	128
1458	9	128
1459	10	128
1460	10	128
1461	10	128
1462	10	128
1463	10	128
1464	10	128
1465	10	128
1466	10	128
1467	10	128
1468	10	128
1469	10	128
1470	10	128
1471	10	128
1472	10	128
1473	10	128
1474	10	128
1475	10	128
1476	10	128
1477	10	128
1478	10	128
1479	10	128
1480	10	128
1481	10	128
1482	11	128
1483	10	128
1484	10	128
1485	11	128
1486	11	128
1487	10	128
1488	10	128
1489	10	128
1490	10	128
1491	11	128
1492	11	128
1493	11	128
1494	10	128
1495	10	128
1496	10	128
1497	10	128
1498	10	128
1499	10	127
1500	10	127
1501	10	128
1502	10	128
1503	10	128
1504	10	128
1505	10	128
1506	10	128
1507	10	128
1508	10	128
1509	10	128
1510	10	128
1511	10	128
1512	10	128
1513	10	128
1514	9	128
1515	9	128
1516	10	128
1517	9	128
1518	9	128
1519	10	128
1520	10	128
1521	9	128
1522	10	128
1523	9	128
1524	9	128
1525	9	128
1526	9	128
1527	9	128
1528	9	128
1529	9	128
1530	9	128
1531	9	128
1532	10	128
1533	9	128
1534	9	128
1535	9	128
1536	9	128
1537	9	128
1538	9	128
1539	9	128
1540	9	128
1541	9	128
1542	9	128
1543	9	128
1544	9	128
1545	9	128
1546	9	128
1547	9	128
1548	9	128
1549	9	128
1550	9	128
1551	9	128
1552	9	128
1553	9	127
1554	9	128
1555	9	128
1556	9	128
1557	9	128
1558	9	128
1559	9	128
1560	9	128
1561	9	127
1562	9	128
1563	9	128
1564	9	128
1565	9	128
1566	9	128
1567	9	128
1568	9	128
1569	9	128
1570	9	128
1571	9	128
1572	9	128
1573	9	128
1574	9	128
1575	9	128
1576	9	129
1577	9	128
1578	9	128
1579	9	128
1580	9	128
1581	9	128
1582	9	128
1583	9	128
1584	9	128
1585	9	128
1586	9	128
1587	9	128
1588	9	128
1589	9	128
1590	9	128
1591	9	128
1592	9	128
1593	9	128
1594	9	128
1595	9	128
1596	9	128
1597	9	128
1598	9	128
1599	9	128
1600	9	128
1601	9	128
1602	9	128
1603	9	128
1604	9	128
1605	9	128
1606	9	128
1607	10	127
1608	9	128
1609	9	128
1610	9	128
1611	9	128
1612	9	128
1613	9	128
1614	9	128
1615	11	128
1616	14	127
1617	12	128
1618	13	128
1619	7	128
1620	13	128
1621	7	127
1622	11	128
1623	9	128
1624	10	127
1625	10	128
1626	10	127
1627	9	128
1628	10	128
1629	10	127
1630	10	127
1631	9	128
1632	9	128
1633	9	128
1634	9	128
1635	10	127
1636	9	128
1637	10	128
1638	9	127
1639	9	128
1640	9	128
1641	10	128
1642	9	128
1643	9	128
1644	9	128
1645	10	128
1646	9	128
1647	9	128
1648	9	128
1649	10	128
1650	9	128
1651	9	128
1652	9	128
1653	9	128
1654	9	128
1655	9	127
1656	9	127
1657	9	128
1658	9	127
1659	9	128
1660	9	128
1661	10	128
1662	9	127
1663	9	128
1664	9	128
1665	9	127
1666	9	128
1667	9	128
1668	9	128
1669	9	128
1670	9	128
1671	10	127
1672	9	128
1673	9	128
1674	9	127
1675	9	128
1676	9	128
1677	9	128
1678	10	128
1679	9	128
1680	9	128
1681	9	128
1682	9	128
1683	9	128
1684	9	128
1685	9	127
1686	9	128
1687	9	128
1688	9	128
1689	9	128
1690	7	128
1691	9	128
1692	11	128
1693	12	128
1694	11	128
1695	10	128
1696	11	128
1697	12	128
1698	12	128
1699	13	127
1700	14	128
1701	16	128
1702	18	128
1703	22	128
1704	28	128
1705	40	127
1706	75	128
1707	187	128
1708	255	128
1709	255	128
1710	255	128
1711	255	128
1712	255	128
1713	255	128
1714	255	129
1715	255	129
1716	255	129
1717	255	129
1718	255	129
1719	255	129
1720	255	129
1721	255	128
1722	255	128
1723	255	128
1724	255	129
1725	255	128
1726	255	128
1727	255	128
1728	255	128
1729	255	128
1730	216	128
1731	197	128
1732	201	128
1733	206	127
1734	193	127
1735	165	128
1736	135	127
1737	117	127
1738	112	128
1739	115	127
1740	116	127
1741	109	128
1742	96	127
1743	83	128
1744	73	127
1745	68	127
1746	65	128
1747	64	127
1748	62	128
1749	59	127
1750	55	127
1751	51	127
1752	48	127
1753	44	128
1754	42	127
1755	40	127
1756	39	128
1757	38	127
1758	36	128
1759	35	128
1760	34	128
1761	33	128
1762	32	128
1763	31	128
1764	30	128
1765	29	127
1766	28	128
1767	27	128
1768	27	128
1769	26	128
1770	26	128
1771	25	128
1772	25	128
1773	24	128
1774	24	128
1775	23	128
1776	23	128
1777	23	128
1778	23	128
1779	22	128
1780	22	128
1781	22	128
1782	22	128
1783	21	128
1784	21	128
1785	21	128
1786	20	128
1787	20	128
1788	20	128
1789	20	128
1790	20	128
1791	20	128
1792	19	128
1793	19	128
1794	19	128
1795	19	128
1796	20	128
1797	19	128
1798	19	128
1799	19	128
1800	19	128
1801	20	128
1802	20	128
1803	19	128
1804	19	128
1805	20	128
1806	20	128
1807	20	128
1808	20	128
1809	21	128
1810	21	128
1811	21	128
1812	22	128
1813	22	128
1814	23	128
1815	23	128
1816	24	128
1817	25	128
1818	26	128
1819	27	128
1820	28	128
1821	30	128
1822	33	128
1823	36	128
1824	41	128
1825	47	128
1826	55	128
1827	63	128
1828	69	127
1829	73	128
1830	74	128
1831	75	128
1832	78	128
1833	82	128
1834	90	128
1835	98	128
1836	106	128
1837	113	128
1838	119	128
1839	125	128
1840	132	127
1841	141	127
1842	150	128
1843	160	128
1844	168	128
1845	176	128
1846	183	128
1847	192	128
1848	201	128
1849	211	128
1850	219	128
1851	226	128
1852	232	128
1853	239	128
1854	245	128
1855	250	128
1856	255	128
1857	255	128
1858	255	128
1859	255	128
1860	255	128
1861	255	128
1862	255	128
1863	255	128
1864	252	128
1865	247	128
1866	242	128
1867	236	128
1868	230	127
1869	223	128
1870	215	128
1871	208	127
1872	201	128
1873	193	127
1874	185	127
1875	177	128
1876	170	128
1877	163	128
1878	157	128
1879	150	128
1880	143	127
1881	136	128
1882	130	128
1883	124	127
1884	119	128
1885	114	128
1886	109	128
1887	103	128
1888	99	128
1889	96	128
1890	93	128
1891	87	128
1892	89	128
1893	83	128
1894	80	128
1895	72	128
1896	71	128
1897	68	128
1898	67	128
1899	65	128
1900	61	127
1901	59	128
1902	57	128
1903	56	128
1904	55	128
1905	53	128
1906	51	128
1907	49	128
1908	48	128
1909	47	128
1910	46	128
1911	46	128
1912	44	128
1913	44	128
1914	42	128
1915	42	128
1916	41	128
1917	41	128
1918	40	128
1919	40	129
1920	39	128
1921	39	128
1922	38	128
1923	38	128
1924	37	128
1925	37	128
1926	37	128
1927	37	128
1928	37	128
1929	37	128
1930	37	128
1931	37	128
1932	37	128
1933	37	128
1934	37	128
1935	37	128
1936	37	128
1937	38	128
1938	38	128
1939	39	128
1940	39	128
1941	40	128
1942	40	128
1943	41	128
1944	42	128
1945	43	128
1946	44	128
1947	45	128
1948	46	128
1949	48	128
1950	49	128
1951	51	128
1952	52	128
1953	53	128
1954	55	127
1955	57	128
1956	59	128
1957	61	128
1958	63	128
1959	66	128
1960	68	128
1961	71	128
1962	73	128
1963	76	128
1964	77	128
1965	80	128
1966	85	128
1967	89	128
1968	93	128
1969	96	128
1970	99	128
1971	103	128
1972	107	128
1973	112	128
1974	115	128
1975	120	128
1976	124	128
1977	129	128
1978	132	128
1979	136	127
1980	141	127
1981	145	128
1982	149	127
1983	153	128
1984	156	128
1985	159	128
1986	162	128
1987	165	128
1988	169	128
1989	171	128
1990	173	128
1991	173	128
1992	175	128
1993	176	128
1994	177	128
1995	177	128
1996	177	128
1997	176	128
1998	175	128
1999	174	128
2000	172	128
2001	170	128
2002	167	128
2003	165	128
2004	161	128
2005	158	128
2006	155	128
2007	152	128
2008	148	128
2009	145	128
2010	140	128
2011	136	128
2012	132	128
2013	128	128
2014	125	128
2015	121	128
2016	117	127
2017	113	128
2018	110	128
2019	106	128
2020	102	128
2021	99	128
2022	96	128
2023	93	128
2024	90	128
2025	87	128
2026	85	128
2027	82	128
2028	80	128
2029	77	128
2030	75	128
2031	73	128
2032	71	128
2033	68	128
2034	67	128
2035	65	128
2036	63	128
2037	62	128
2038	60	128
2039	59	128
2040	58	128
2041	56	128
2042	55	128
2043	55	128
2044	54	128
2045	53	128
2046	52	128
2047	51	128
2048	50	128
2049	49	128
2050	49	128
2051	47	128
2052	47	128
2053	47	128
2054	46	128
2055	46	128
2056	45	128
2057	45	128
2058	45	128
2059	45	128
2060	45	128
2061	45	128
2062	45	128
2063	45	128
2064	45	128
2065	45	128
2066	45	128
2067	45	128
2068	45	128
2069	46	128
2070	46	128
2071	47	128
2072	47	128
2073	48	128
2074	48	128
2075	49	128
2076	50	128
2077	51	128
2078	51	127
2079	52	128
2080	53	128
2081	55	127
2082	55	127
2083	56	128
2084	58	128
2085	59	128
2086	60	128
2087	62	128
2088	63	128
2089	65	128
2090	67	128
2091	69	128
2092	71	128
2093	72	128
2094	75	128
2095	77	128
2096	79	128
2097	81	128
2098	84	128
2099	86	127
2100	89	128
2101	91	128
2102	94	128
2103	97	128
2104	100	127
2105	103	128
2106	105	128
2107	109	127
2108	111	128
2109	114	127
2110	117	127
2111	120	128
2112	123	128
2113	126	128
2114	129	127
2115	132	128
2116	134	127
2117	137	127
2118	140	127
2119	142	128
2120	144	128
2121	146	128
2122	148	128
2123	150	128
2124	151	128
2125	153	128
2126	154	128
2127	155	127
2128	155	128
2129	156	128
2130	156	128
2131	156	128
2132	155	128
2133	154	127
2134	153	128
2135	153	128
2136	151	128
2137	150	128
2138	148	127
2139	146	128
2140	144	128
2141	142	128
2142	140	127
2143	138	127
2144	135	128
2145	133	128
2146	130	128
2147	127	128
2148	124	128
2149	122	127
2150	119	127
2151	117	127
2152	114	127
2153	111	128
2154	108	127
2155	106	128
2156	103	128
2157	100	128
2158	99	128
2159	96	127
2160	93	128
2161	91	128
2162	89	127
2163	89	128
2164	86	128
2165	82	127
2166	86	128
2167	81	128
2168	81	128
2169	75	128
2170	75	127
2171	73	128
2172	72	128
2173	71	128
2174	68	128
2175	67	128
2176	66	128
2177	65	128
2178	64	128
2179	63	127
2180	61	128
2181	61	128
2182	60	128
2183	60	128
2184	59	128
2185	59	128
2186	58	128
2187	58	128
2188	57	128
2189	57	128
2190	56	127
2191	55	128
2192	55	128
2193	55	127
2194	55	128
2195	55	127
2196	55	128
2197	55	128
2198	55	128
2199	55	128
2200	55	128
2201	55	128
2202	55	128
2203	55	128
2204	56	128
2205	56	128
2206	57	128
2207	57	128
2208	58	128
2209	58	128
2210	59	127
2211	60	128
2212	61	128
2213	61	128
2214	62	127
2215	63	128
2216	64	128
2217	65	128
2218	66	128
2219	67	128
2220	69	128
2221	70	128
2222	72	128
2223	73	128
2224	75	128
2225	76	128
2226	78	127
2227	80	127
2228	82	128
2229	84	127
2230	86	128
2231	87	128
2232	89	128
2233	92	128
2234	94	128
2235	96	128
2236	98	128
2237	100	128
2238	100	128
2239	102	128
2240	106	128
2241	110	128
2242	113	128
2243	115	128
2244	116	128
2245	119	128
2246	122	127
2247	124	128
2248	126	127
2249	128	128
2250	130	128
2251	132	128
2252	134	128
2253	135	127
2254	137	128
2255	139	128
2256	140	128
2257	141	128
2258	142	128
2259	143	128
2260	143	128
2261	143	128
2262	145	128
2263	145	128
2264	145	128
2265	143	128
2266	143	128
2267	143	128
2268	142	128
2269	141	128
2270	140	128
2271	139	128
2272	138	128
2273	136	128
2274	134	128
2275	133	128
2276	131	128
2277	130	128
2278	128	128
2279	126	128
2280	123	128
2281	121	128
2282	119	128
2283	118	128
2284	116	128
2285	114	128
2286	111	128
2287	109	128
2288	107	127
2289	106	128
2290	104	128
2291	102	128
2292	100	128
2293	98	128
2294	96	128
2295	95	128
2296	93	128
2297	92	128
2298	90	128
2299	88	128
2300	87	128
2301	85	128
2302	84	128
2303	83	128
2304	81	128
2305	80	128
2306	79	128
2307	78	128
2308	77	128
2309	76	128
2310	76	128
2311	75	128
2312	74	128
2313	73	128
2314	72	128
2315	71	128
2316	71	128
2317	70	128
2318	70	128
2319	70	128
2320	69	128
2321	69	128
2322	68	128
2323	68	128
2324	68	128
2325	68	128
2326	68	128
2327	68	128
2328	67	128
2329	68	128
2330	68	128
2331	68	128
2332	68	128
2333	68	128
2334	69	127
2335	69	128
2336	69	128
2337	70	128
2338	70	128
2339	71	128
2340	71	128
2341	72	128
2342	73	128
2343	73	127
2344	74	128
2345	75	128
2346	75	128
2347	76	128
2348	77	128
2349	78	128
2350	79	128
2351	80	128
2352	81	128
2353	82	128
2354	83	128
2355	85	128
2356	86	128
2357	87	128
2358	89	128
2359	90	128
2360	91	128
2361	92	128
2362	94	128
2363	95	128
2364	96	128
2365	98	128
2366	99	128
2367	101	128
2368	102	128
2369	104	128
2370	105	128
2371	106	128
2372	108	128
2373	109	128
2374	111	128
2375	111	128
2376	112	128
2377	114	128
2378	115	128
2379	116	128
2380	117	128
2381	118	128
2382	119	128
2383	119	127
2384	120	128
2385	121	128
2386	121	128
2387	122	128
2388	122	128
2389	122	128
2390	123	128
2391	123	128
2392	122	128
2393	122	128
2394	122	128
2395	122	128
2396	122	128
2397	121	128
2398	121	128
2399	120	128
2400	119	128
2401	119	128
2402	118	128
2403	117	128
2404	116	128
2405	115	128
2406	114	128
2407	113	127
2408	113	128
2409	111	128
2410	110	127
2411	109	128
2412	107	128
2413	107	128
2414	105	128
2415	104	128
2416	104	128
2417	103	128
2418	101	128
2419	99	128
2420	98	128
2421	98	128
2422	97	128
2423	95	128
2424	94	128
2425	93	128
2426	92	128
2427	91	128
2428	90	128
2429	89	128
2430	88	128
2431	87	128
2432	87	128
2433	85	128
2434	85	128
2435	84	128
2436	83	128
2437	83	128
2438	82	128
2439	79	128
2440	85	128
2441	82	127
2442	83	128
2443	77	128
2444	78	127
2445	78	127
2446	77	128
2447	78	128
2448	77	128
2449	77	128
2450	77	128
2451	76	128
2452	76	128
2453	76	128
2454	75	128
2455	75	128
2456	75	128
2457	76	128
2458	75	128
2459	76	128
2460	76	128
2461	76	127
2462	75	128
2463	76	127
2464	76	128
2465	77	128
2466	77	128
2467	78	128
2468	78	128
2469	78	128
2470	78	128
2471	79	128
2472	80	128
2473	81	128
2474	81	128
2475	81	128
2476	82	128
2477	83	128
2478	84	128
2479	85	128
2480	86	128
2481	86	128
2482	87	128
2483	87	128
2484	88	128
2485	89	128
2486	90	128
2487	91	128
2488	92	128
2489	93	128
2490	95	128
2491	96	128
2492	97	128
2493	98	128
2494	99	128
2495	100	128
2496	101	128
2497	102	128
2498	103	128
2499	104	128
2500	105	128
2501	106	128
2502	107	128
2503	108	128
2504	109	128
2505	110	128
2506	111	128
2507	112	128
2508	113	128
2509	113	127
2510	113	127
2511	114	128
2512	114	127
2513	114	128
2514	116	128
2515	117	128
2516	118	128
2517	118	128
2518	119	128
2519	120	128
2520	119	128
2521	120	128
2522	119	128
2523	119	127
2524	119	128
2525	120	128
2526	119	128
2527	119	128
2528	118	128
2529	118	128
2530	118	128
2531	118	128
2532	117	128
2533	117	128
2534	116	128
2535	114	128
2536	115	128
2537	114	128
2538	113	128
2539	112	128
2540	111	128
2541	110	127
2542	110	127
2543	109	128
2544	109	127
2545	107	128
2546	107	128
2547	106	128
2548	105	128
2549	104	128
2550	102	128
2551	101	128
2552	100	128
2553	99	128
2554	98	127
2555	97	128
2556	97	128
2557	96	127
2558	95	127
2559	95	128
2560	93	128
2561	93	128
2562	92	128
2563	91	128
2564	90	127
2565	89	128
2566	88	128
2567	87	127
2568	87	128
2569	87	128
2570	85	128
2571	85	128
2572	84	128
2573	84	128
2574	83	128
2575	83	127
2576	83	127
2577	82	128
2578	81	128
2579	81	128
2580	81	128
2581	80	128
2582	80	128
2583	79	128
2584	79	127
2585	79	128
2586	79	127
2587	79	127
2588	79	127
2589	78	128
2590	78	128
2591	78	128
2592	78	128
2593	78	128
2594	78	128
2595	78	127
2596	79	128
2597	79	128
2598	79	128
2599	79	128
2600	79	128
2601	79	128
2602	79	128
2603	80	128
2604	81	128
2605	81	128
2606	81	128
2607	82	128
2608	82	128
2609	82	128
2610	83	128
2611	83	128
2612	83	128
2613	84	128
2614	85	128
2615	85	128
2616	86	128
2617	87	128
2618	88	128
2619	88	128
2620	89	128
2621	90	128
2622	91	127
2623	91	128
2624	92	127
2625	93	128
2626	93	128
2627	94	127
2628	95	128
2629	96	127
2630	97	127
2631	98	128
2632	99	128
2633	99	128
2634	100	128
2635	101	128
2636	102	128
2637	102	128
2638	103	128
2639	103	128
2640	105	128
2641	105	128
2642	106	128
2643	106	128
2644	107	128
2645	108	128
2646	108	128
2647	109	128
2648	110	128
2649	110	128
2650	110	128
2651	111	128
2652	111	128
2653	111	128
2654	111	128
2655	111	128
2656	112	128
2657	111	128
2658	112	128
2659	112	128
2660	112	128
2661	111	128
2662	111	128
2663	111	128
2664	111	128
2665	111	128
2666	111	128
2667	110	128
2668	110	128
2669	109	127
2670	109	128
2671	108	128
2672	108	128
2673	107	128
2674	107	128
2675	106	128
2676	106	128
2677	105	128
2678	104	128
2679	103	128
2680	103	128
2681	102	128
2682	101	128
2683	101	128
2684	101	128
2685	100	128
2686	99	128
2687	97	128
2688	97	128
2689	97	128
2690	96	128
2691	95	128
2692	95	128
2693	94	127
2694	93	128
2695	92	128
2696	92	128
2697	91	128
2698	91	128
2699	91	128
2700	90	128
2701	89	128
2702	89	128
2703	88	128
2704	87	128
2705	87	128
2706	87	128
2707	86	128
2708	86	128
2709	85	128
2710	85	128
2711	86	128
2712	85	128
2713	81	127
2714	88	128
2715	87	128
2716	88	127
2717	82	128
2718	83	127
2719	84	128
2720	83	128
2721	84	128
2722	83	127
2723	83	128
2724	83	128
2725	83	128
2726	84	128
2727	83	128
2728	83	128
2729	83	128
2730	83	128
2731	84	128
2732	83	128
2733	84	128
2734	85	127
2735	85	128
2736	85	128
2737	85	128
2738	85	128
2739	86	128
2740	86	128
2741	86	128
2742	87	128
2743	87	128
2744	88	128
2745	89	128
2746	89	128
2747	89	128
2748	89	128
2749	89	128
2750	90	128
2751	91	128
2752	92	128
2753	93	128
2754	93	128
2755	93	128
2756	93	128
2757	94	127
2758	94	128
2759	95	128
2760	96	128
2761	97	127
2762	97	127
2763	97	128
2764	98	127
2765	99	128
2766	99	128
2767	100	128
2768	101	128
2769	101	128
2770	101	128
2771	102	128
2772	102	128
2773	103	128
2774	103	128
2775	104	128
2776	105	128
2777	105	128
2778	105	128
2779	105	128
2780	105	128
2781	106	128
2782	106	128
2783	106	128
2784	107	128
2785	107	128
2786	106	128
2787	105	128
2788	106	128
2789	107	128
2790	109	128
2791	109	128
2792	108	128
2793	109	128
2794	108	128
2795	109	128
2796	107	128
2797	108	128
2798	109	128
2799	108	128
2800	107	128
2801	107	128
2802	107	128
2803	107	128
2804	106	128
2805	106	128
2806	106	128
2807	105	128
2808	104	128
2809	103	128
2810	104	128
2811	103	128
2812	103	128
2813	102	128
2814	102	128
2815	101	128
2816	100	128
2817	100	127
2818	99	128
2819	99	127
2820	98	127
2821	98	128
2822	97	128
2823	96	128
2824	96	128
2825	95	128
2826	94	128
2827	94	128
2828	93	128
2829	93	128
2830	92	128
2831	92	128
2832	91	128
2833	90	128
2834	89	128
2835	89	128
2836	89	128
2837	88	128
2838	88	128
2839	77	127
2840	84	128
2841	88	128
2842	89	128
2843	82	128
2844	83	127
2845	87	127
2846	85	127
2847	82	127
2848	85	127
2849	87	128
2850	85	128
2851	84	128
2852	85	127
2853	84	128
2854	82	128
2855	81	127
2856	83	128
2857	81	128
2858	80	128
2859	81	128
2860	81	128
2861	80	128
2862	80	128
2863	81	128
2864	82	128
2865	80	128
2866	81	128
2867	81	128
2868	80	128
2869	80	128
2870	80	128
2871	79	128
2872	78	128
2873	77	128
2874	77	128
2875	76	128
2876	75	128
2877	74	128
2878	73	128
2879	72	128
2880	71	128
2881	71	128
2882	71	128
2883	70	128
2884	69	128
2885	68	128
2886	66	128
2887	65	128
2888	63	128
2889	62	128
2890	60	128
2891	59	128
2892	57	128
2893	55	128
2894	53	127
2895	52	128
2896	51	128
2897	49	128
2898	48	128
2899	47	128
2900	46	128
2901	45	128
2902	43	128
2903	42	128
2904	41	128
2905	39	128
2906	38	128
2907	37	128
2908	35	128
2909	33	128
2910	32	128
2911	31	128
2912	30	128
2913	29	128
2914	29	128
2915	28	128
2916	27	128
2917	26	127
2918	25	128
2919	25	128
2920	24	128
2921	23	128
2922	23	128
2923	23	128
2924	22	128
2925	21	128
2926	21	128
2927	20	128
2928	20	128
2929	18	128
2930	18	128
2931	17	128
2932	17	128
2933	17	128
2934	17	127
2935	17	128
2936	16	128
2937	16	128
2938	16	128
2939	16	128
2940	16	128
2941	15	127
2942	15	128
2943	15	128
2944	15	127
2945	14	127
2946	14	128
2947	14	128
2948	14	128
2949	14	128
2950	13	127
2951	13	128
2952	13	128
2953	13	128
2954	13	128
2955	13	128
2956	13	128
2957	13	128
2958	13	128
2959	12	128
2960	13	128
2961	12	128
2962	12	127
2963	12	128
2964	12	128
2965	12	128
2966	11	128
2967	12	128
2968	11	128
2969	12	128
2970	11	128
2971	11	128
2972	11	127
2973	11	128
2974	11	128
2975	11	128
2976	11	128
2977	11	128
2978	11	128
2979	11	128
2980	11	128
2981	11	128
2982	11	128
2983	10	128
2984	11	128
2985	12	128
2986	11	128
2987	7	128
2988	13	128
2989	12	128
2990	14	128
2991	9	128
2992	10	128
2993	10	128
2994	10	128
2995	11	128
2996	10	128
2997	10	128
2998	10	128
2999	10	128
3000	10	128
3001	10	128
3002	9	128
3003	10	128
3004	10	128
3005	10	128
3006	9	128
3007	10	128
3008	9	128
3009	10	128
3010	9	128
3011	10	128
3012	9	128
3013	10	128
3014	9	128
3015	9	128
3016	9	128
3017	9	128
3018	9	128
3019	9	128
3020	9	128
3021	9	128
3022	9	128
3023	9	128
3024	9	128
3025	9	128
3026	9	128
3027	9	128
3028	9	128
3029	9	128
3030	9	128
3031	9	128
3032	9	128
3033	9	128
3034	9	128
3035	9	128
3036	9	127
3037	9	128
3038	9	128
3039	9	128
3040	9	128
3041	9	128
3042	9	128
3043	9	128
3044	9	128
3045	9	128
3046	9	128
3047	9	128
3048	9	128
3049	9	128
3050	9	128
3051	9	128
3052	9	128
3053	10	128
3054	9	128
3055	9	128
3056	9	128
3057	9	128
3058	9	128
3059	9	128
3060	8	128
3061	7	128
3062	9	128
3063	9	128
3064	9	128
3065	10	128
3066	9	127
3067	10	128
3068	9	128
3069	9	128
3070	9	128
3071	9	128
3072	9	128
3073	9	128
3074	9	128
3075	9	127
3076	9	128
3077	9	128
3078	9	128
3079	9	128
3080	9	127
3081	9	128
3082	9	128
3083	7	128
3084	9	127
3085	9	128
3086	10	128
3087	9	128
3088	9	128
3089	9	128
3090	9	128
3091	9	128
3092	9	128
3093	9	128
3094	9	128
3095	9	128
3096	9	128
3097	9	128
3098	9	128
3099	9	128
3100	9	128
3101	9	128
3102	9	128
3103	9	128
3104	9	128
3105	9	128
3106	9	128
3107	9	127
3108	8	128
3109	9	128
3110	9	128
3111	9	128
3112	9	128
3113	9	128
3114	9	128
3115	9	128
3116	9	128
3117	9	128
3118	9	128
3119	9	128
3120	9	128
3121	9	128
3122	9	128
3123	9	128
3124	9	128
3125	9	128
3126	9	128
3127	9	128
3128	9	128
3129	9	128
3130	9	128
3131	9	128
3132	9	128
3133	9	128
3134	9	128
3135	9	128
3136	9	128
3137	9	128
3138	9	128
3139	9	128
3140	9	128
3141	9	128
3142	9	128
3143	9	128
3144	9	127
3145	10	128
3146	9	128
3147	9	128
3148	9	128
3149	9	128
3150	9	128
3151	9	128
3152	9	128
3153	9	128
3154	9	128
3155	9	128
3156	9	128
3157	9	128
3158	9	128
3159	9	127
3160	9	128
3161	9	128
3162	10	128
3163	9	128
3164	9	128
3165	9	128
3166	9	128
3167	9	128
3168	9	128
3169	9	128
3170	9	128
3171	9	128
3172	9	127
3173	9	128
3174	9	128
3175	9	127
3176	9	127
3177	9	128
3178	9	128
3179	9	128
3180	9	128
3181	9	128
3182	9	128
3183	9	128
3184	9	128
3185	9	128
3186	9	128
3187	9	128
3188	9	128
3189	9	128
3190	9	128
3191	9	128
3192	9	128
3193	9	128
3194	9	128
3195	9	128
3196	9	128
3197	9	128
3198	9	128
3199	9	128
3200	9	128
3201	9	128
3202	9	128
3203	9	128
3204	9	128
3205	9	128
3206	9	128
3207	9	128
3208	9	128
3209	9	128
3210	9	128
3211	9	128
3212	9	128
3213	9	128
3214	9	128
3215	9	128
3216	9	128
3217	9	128
3218	9	128
3219	9	128
3220	9	128
3221	9	128
3222	9	128
3223	9	128
3224	9	128
3225	9	128
3226	9	128
3227	9	128
3228	9	128
3229	9	128
3230	9	128
3231	9	129
3232	9	128
3233	9	128
3234	9	128
3235	9	128
3236	9	128
3237	9	128
3238	9	128
3239	9	128
3240	9	128
3241	9	128
3242	9	128
3243	9	128
3244	9	128
3245	9	128
3246	9	128
3247	9	128
3248	10	128
3249	9	128
3250	9	128
3251	9	128
3252	8	128
3253	7	128
3254	8	128
3255	7	128
3256	8	128
3257	7	128
3258	9	128
3259	11	128
3260	10	128
3261	6	128
3262	13	128
3263	11	128
3264	13	128
3265	8	128
3266	9	128
3267	9	128
3268	9	128
3269	11	128
3270	9	128
3271	9	128
3272	10	128
3273	9	128
3274	10	128
3275	10	128
3276	9	128
3277	10	128
3278	9	128
3279	10	128
3280	10	128
3281	10	128
3282	10	128
3283	10	128
3284	9	128
3285	10	128
3286	10	128
3287	10	128
3288	10	128
3289	10	128
3290	10	128
3291	10	128
3292	10	128
3293	10	128
3294	10	128
3295	10	128
3296	10	128
3297	10	128
3298	11	128
3299	10	128
3300	10	128
3301	11	128
3302	10	128
3303	10	128
3304	10	128
3305	10	128
3306	10	128
3307	10	128
3308	10	128
3309	11	128
3310	10	128
3311	11	128
3312	10	128
3313	10	128
3314	10	128
3315	10	128
3316	10	128
3317	10	128
3318	10	128
3319	10	128
3320	10	128
3321	10	128
3322	10	128
3323	10	128
3324	10	128
3325	9	128
3326	10	128
3327	10	128
3328	10	128
3329	10	128
3330	9	128
3331	10	128
3332	9	128
3333	10	128
3334	9	127
3335	7	128
3336	8	128
3337	9	128
3338	10	128
3339	10	128
3340	9	128
3341	10	128
3342	10	128
3343	10	128
3344	9	128
3345	10	128
3346	9	128
3347	9	128
3348	10	128
3349	9	128
3350	9	128
3351	9	128
3352	9	128
3353	9	128
3354	9	128
3355	9	128
3356	9	128
3357	8	128
3358	9	128
3359	9	128
3360	9	128
3361	9	128
3362	9	128
3363	9	128
3364	9	128
3365	9	128
3366	9	128
3367	9	128
3368	9	128
3369	9	128
3370	9	128
3371	9	128
3372	9	128
3373	9	128
3374	9	128
3375	9	128
3376	9	128
3377	9	128
3378	9	128
3379	9	128
3380	9	128
3381	9	128
3382	9	128
3383	9	128
3384	9	128
3385	9	128
3386	9	128
3387	9	128
3388	9	128
3389	9	128
3390	9	128
3391	9	128
3392	9	128
3393	9	127
3394	9	128
3395	9	128
3396	9	128
3397	9	128
3398	9	128
3399	9	128
3400	9	128
3401	9	128
3402	9	128
3403	9	128
3404	9	128
3405	9	128
3406	9	128
3407	9	128
3408	9	128
3409	9	128
3410	9	128
3411	9	128
3412	9	128
3413	9	128
3414	9	128
3415	9	128
3416	9	128
3417	9	128
3418	9	128
3419	9	128
3420	9	128
3421	9	128
3422	9	128
3423	9	128
3424	10	128
3425	9	128
3426	9	128
3427	9	128
3428	9	128
3429	9	128
3430	9	128
3431	9	128
3432	9	128
3433	9	128
3434	9	128
3435	9	128
3436	9	128
3437	9	128
3438	10	128
3439	9	128
3440	10	128
3441	9	128
3442	9	128
3443	9	128
3444	9	128
3445	10	128
3446	9	128
3447	9	128
3448	9	128
3449	9	128
3450	9	128
3451	9	128
3452	9	128
3453	9	128
3454	9	128
3455	9	128
3456	9	128
3457	10	128
3458	10	128
3459	9	128
3460	9	128
3461	9	128
3462	9	128
3463	10	128
3464	9	128
3465	9	128
3466	9	128
3467	9	128
3468	10	128
3469	9	128
3470	9	128
3471	9	128
3472	10	128
3473	9	128
3474	9	128
3475	9	128
3476	10	128
3477	9	128
3478	10	128
3479	9	128
3480	9	128
3481	9	128
3482	9	127
3483	10	128
3484	9	128
3485	9	127
3486	9	128
3487	9	128
3488	10	128
3489	9	128
3490	10	128
3491	10	128
3492	10	128
3493	9	128
3494	9	128
3495	10	128
3496	10	128
3497	10	128
3498	9	128
3499	10	128
3500	10	128
3501	10	128
3502	10	128
3503	11	128
3504	11	128
3505	12	128
3506	13	128
3507	13	128
3508	15	128
3509	17	127
3510	19	128
3511	23	127
3512	30	127
3513	42	128
3514	87	128
3515	209	128
3516	255	128
3517	255	128
3518	255	128
3519	255	128
3520	255	128
3521	255	129
3522	255	129
3523	255	129
3524	255	129
3525	255	130
3526	255	129
3527	255	130
3528	255	129
3529	255	129
3530	255	129
3531	255	129
3532	255	129
3533	255	129
3534	255	128
3535	255	129
3536	255	129
3537	255	129
3538	237	128
3539	201	128
3540	171	128
3541	147	128
3542	128	128
3543	114	127
3544	101	127
3545	90	127
3546	80	127
3547	70	127
3548	63	127
3549	56	127
3550	50	127
3551	47	127
3552	42	127
3553	39	127
3554	35	127
3555	33	127
3556	31	127
3557	29	127
3558	27	127
3559	26	127
3560	25	127
3561	24	127
3562	23	127
3563	22	127
3564	21	127
3565	21	127
3566	20	127
3567	20	127
3568	19	127
3569	18	127
3570	18	127
3571	18	127
3572	17	127
3573	17	127
3574	17	127
3575	16	127
3576	16	127
3577	15	127
3578	15	127
3579	15	127
3580	15	127
3581	15	127
3582	15	128
3583	14	127
3584	13	128
3585	13	127
3586	13	128
3587	13	128
3588	13	127
3589	13	127
3590	13	127
3591	13	128
3592	13	128
3593	13	128
3594	12	128
3595	13	128
3596	12	127
3597	12	128
3598	12	128
3599	12	128
3600	12	128
3601	12	128
3602	11	128
3603	12	128
3604	11	128
3605	11	128
3606	11	128
3607	12	128
3608	12	128
3609	10	128
3610	9	128
3611	9	128
3612	11	128
3613	11	128
3614	10	128
3615	11	128
3616	11	128
3617	11	128
3618	11	128
3619	11	128
3620	10	128
3621	10	128
3622	10	128
3623	10	128
3624	10	128
3625	10	128
3626	10	128
3627	10	128
3628	10	128
3629	9	128
3630	10	128
3631	9	128
3632	10	128
3633	9	128
3634	10	128
3635	10	128
3636	10	128
3637	10	128
3638	10	128
3639	10	128
3640	10	128
3641	10	128
3642	10	128
3643	10	128
3644	10	128
3645	10	128
3646	10	128
3647	10	128
3648	10	128
3649	10	128
3650	10	128
3651	10	128
3652	10	128
3653	11	128
3654	10	128
3655	10	128
3656	10	128
3657	11	128
3658	11	128
3659	11	128
3660	11	128
3661	12	128
3662	11	128
3663	12	127
3664	12	128
3665	13	128
3666	13	127
3667	14	128
3668	15	128
3669	16	127
3670	17	128
3671	19	128
3672	22	127
3673	26	127
3674	34	128
3675	53	128
3676	117	128
3677	226	128
3678	255	128
3679	255	128
3680	252	128
3681	224	128
3682	251	128
3683	255	127
3684	255	128
3685	255	128
3686	255	128
3687	255	128
3688	255	128
3689	255	128
3690	255	128
3691	255	128
3692	255	128
3693	255	128
3694	255	128
3695	255	128
3696	255	128
3697	255	128
3698	255	128
3699	255	128
3700	230	128
3701	216	128
3702	211	128
3703	204	128
3704	189	128
3705	167	127
3706	149	127
3707	137	127
3708	132	127
3709	130	127
3710	125	127
3711	116	127
3712	105	127
3713	96	127
3714	89	127
3715	86	127
3716	83	128
3717	80	128
3718	77	128
3719	72	127
3720	68	127
3721	65	127
3722	61	127
3723	59	127
3724	57	127
3725	55	128
3726	54	128
3727	52	128
3728	50	128
3729	49	128
3730	47	128
3731	45	128
3732	44	128
3733	43	128
3734	42	128
3735	41	128
3736	40	128
3737	39	128
3738	38	128
3739	37	128
3740	37	128
3741	37	128
3742	36	128
3743	36	128
3744	35	128
3745	35	128
3746	35	128
3747	34	128
3748	34	128
3749	34	128
3750	34	128
3751	34	128
3752	34	128
3753	34	128
3754	33	128
3755	34	128
3756	34	128
3757	34	128
3758	34	128
3759	34	128
3760	35	128
3761	35	128
3762	36	128
3763	36	128
3764	37	128
3765	38	128
3766	39	128
3767	39	128
3768	40	128
3769	41	128
3770	43	128
3771	43	128
3772	45	128
3773	47	128
3774	48	128
3775	50	128
3776	51	127
3777	54	128
3778	56	128
3779	58	128
3780	60	128
3781	62	128
3782	65	128
3783	67	128
3784	70	128
3785	73	127
3786	77	128
3787	80	128
3788	83	127
3789	87	128
3790	90	128
3791	95	128
3792	99	128
3793	103	128
3794	107	128
3795	112	128
3796	116	128
3797	121	128
3798	126	128
3799	131	128
3800	136	128
3801	141	128
3802	146	128
3803	150	128
3804	155	128
3805	160	128
3806	165	128
3807	169	128
3808	171	128
3809	170	127
3810	180	128
3811	184	128
3812	188	128
3813	188	128
3814	188	128
3815	191	127
3816	191	127
3817	193	127
3818	192	127
3819	192	128
3820	191	128
3821	189	127
3822	187	127
3823	185	128
3824	182	128
3825	179	128
3826	175	128
3827	172	128
3828	168	128
3829	165	128
3830	161	128
3831	156	128
3832	151	127
3833	147	128
3834	143	128
3835	139	128
3836	134	127
3837	129	128
3838	125	128
3839	121	128
3840	117	127
3841	113	128
3842	109	127
3843	105	127
3844	102	127
3845	98	127
3846	95	127
3847	92	128
3848	89	128
3849	86	128
3850	83	128
3851	80	128
3852	78	128
3853	75	128
3854	73	128
3855	71	128
3856	69	128
3857	67	128
3858	65	128
3859	63	128
3860	61	128
3861	60	128
3862	58	128
3863	57	128
3864	56	128
3865	55	128
3866	54	127
3867	53	128
3868	52	128
3869	51	128
3870	49	128
3871	49	128
3872	48	128
3873	47	128
3874	46	128
3875	46	128
3876	46	128
3877	45	128
3878	45	128
3879	45	128
3880	45	128
3881	45	128
3882	46	128
3883	44	128
3884	42	128
3885	42	128
3886	42	128
3887	43	128
3888	43	128
3889	43	128
3890	43	128
3891	44	128
3892	44	128
3893	44	128
3894	45	128
3895	45	128
3896	46	128
3897	46	128
3898	47	128
3899	47	128
3900	48	128
3901	49	128
3902	50	128
3903	50	128
3904	51	128
3905	52	128
3906	53	128
3907	54	127
3908	55	128
3909	57	128
3910	59	128
3911	60	127
3912	62	128
3913	64	128
3914	65	127
3915	67	128
3916	69	127
3917	71	128
3918	73	128
3919	76	128
3920	78	128
3921	80	127
3922	82	128
3923	85	128
3924	88	127
3925	90	128
3926	93	128
3927	96	128
3928	99	128
3929	102	128
3930	105	128
3931	107	128
3932	111	128
3933	114	128
3934	117	128
3935	120	128
3936	123	128
3937	126	128
3938	129	128
3939	131	128
3940	134	128
3941	136	127
3942	139	128
3943	141	128
3944	143	128
3945	145	128
3946	146	128
3947	148	128
3948	149	128
3949	150	128
3950	151	128
3951	152	128
3952	152	128
3953	152	128
3954	151	128
3955	151	128
3956	151	128
3957	149	128
3958	148	128
3959	147	128
3960	146	128
3961	144	128
3962	142	128
3963	140	128
3964	138	128
3965	136	128
3966	134	128
3967	132	128
3968	129	128
3969	127	128
3970	125	128
3971	123	128
3972	120	128
3973	118	128
3974	115	128
3975	113	128
3976	110	128
3977	108	128
3978	106	128
3979	104	128
3980	102	128
3981	99	128
3982	97	128
3983	95	128
3984	93	128
3985	91	128
3986	90	128
3987	88	128
3988	86	128
3989	85	128
3990	83	128
3991	81	128
3992	80	128
3993	79	128
3994	78	128
3995	77	128
3996	75	128
3997	74	128
3998	73	128
3999	72	128
4000	71	128
4001	70	128
4002	70	128
4003	69	128
4004	68	128
4005	67	128
4006	67	128
4007	66	128
4008	66	128
4009	65	128
4010	65	128
4011	65	128
4012	64	128
4013	64	128
4014	64	128
4015	64	127
4016	64	128
4017	64	128
4018	64	128
4019	64	128
4020	64	128
4021	64	128
4022	65	128
4023	65	127
4024	65	128
4025	65	128
4026	66	127
4027	67	128
4028	67	128
4029	68	128
4030	69	128
4031	69	128
4032	70	128
4033	70	128
4034	71	128
4035	72	128
4036	72	128
4037	73	128
4038	75	128
4039	75	128
4040	77	128
4041	78	128
4042	79	128
4043	80	128
4044	81	128
4045	83	128
4046	84	128
4047	85	128
4048	86	128
4049	87	128
4050	89	128
4051	89	128
4052	91	128
4053	92	128
4054	93	128
4055	95	128
4056	96	128
4057	97	128
4058	99	128
4059	100	128
4060	102	128
4061	103	128
4062	103	128
4063	104	128
4064	105	128
4065	107	128
4066	107	128
4067	109	128
4068	109	128
4069	110	128
4070	111	128
4071	111	128
4072	112	128
4073	113	128
4074	113	128
4075	113	128
4076	114	128
4077	113	127
4078	114	128
4079	114	128
4080	115	127
4081	115	127
4082	113	128
4083	108	127
4084	114	127
4085	115	128
4086	115	128
4087	113	128
4088	111	128
4089	113	128
4090	111	127
4091	112	127
4092	110	128
4093	111	127
4094	110	128
4095	109	128
