
TIME STEP:
125 = 20us

VOLTAGE STEP:
CH1:  32 = 50mV
CH2:  32 = 15mV
GND	-2	128
N	CH1	CH2

0	30	128
1	29	128
2	28	128
3	28	128
4	27	128
5	27	128
6	26	128
7	26	128
8	25	128
9	25	128
10	25	128
11	24	128
12	24	128
13	23	128
14	23	128
15	23	128
16	23	128
17	23	128
18	23	128
19	22	128
20	22	128
21	22	128
22	22	128
23	22	128
24	22	128
25	21	128
26	22	128
27	22	128
28	21	128
29	22	128
30	22	128
31	22	128
32	22	128
33	23	128
34	23	128
35	23	128
36	23	128
37	24	127
38	24	128
39	25	128
40	26	128
41	26	128
42	27	128
43	29	128
44	31	128
45	32	128
46	35	128
47	39	128
48	44	128
49	51	128
50	57	128
51	64	128
52	69	127
53	72	128
54	75	128
55	78	128
56	83	128
57	90	128
58	99	128
59	108	128
60	117	128
61	125	128
62	132	128
63	141	128
64	152	128
65	164	128
66	176	128
67	188	128
68	200	128
69	213	128
70	225	128
71	239	128
72	253	128
73	255	128
74	255	128
75	255	128
76	255	128
77	255	128
78	255	128
79	255	128
80	255	128
81	255	128
82	255	128
83	255	128
84	255	128
85	255	128
86	255	129
87	255	128
88	255	128
89	255	128
90	255	128
91	255	128
92	255	128
93	255	128
94	255	128
95	255	128
96	244	128
97	232	128
98	220	128
99	209	128
100	198	128
101	186	128
102	175	128
103	165	128
104	156	128
105	148	128
106	140	128
107	132	128
108	124	127
109	117	128
110	110	128
111	104	128
112	99	128
113	94	128
114	89	128
115	84	128
116	80	128
117	76	128
118	72	128
119	69	128
120	66	128
121	64	128
122	60	128
123	58	127
124	55	128
125	53	128
126	51	128
127	50	128
128	48	128
129	47	128
130	45	128
131	43	128
132	42	128
133	41	128
134	40	128
135	39	128
136	39	128
137	38	128
138	37	128
139	37	128
140	36	128
141	35	128
142	34	128
143	34	128
144	34	128
145	33	128
146	33	128
147	33	128
148	33	128
149	33	128
150	32	128
151	32	128
152	34	128
153	37	128
154	36	128
155	37	128
156	33	128
157	37	128
158	33	128
159	36	128
160	35	128
161	36	128
162	35	128
163	37	128
164	35	128
165	39	128
166	39	128
167	41	128
168	42	128
169	43	128
170	45	128
171	47	128
172	49	128
173	51	128
174	54	128
175	56	128
176	59	128
177	61	128
178	65	128
179	68	128
180	71	128
181	75	128
182	79	128
183	83	128
184	88	128
185	92	128
186	98	128
187	103	128
188	109	128
189	115	128
190	122	128
191	129	128
192	136	128
193	143	128
194	151	128
195	159	128
196	167	128
197	176	128
198	184	128
199	193	128
200	203	128
201	212	128
202	221	128
203	229	128
204	237	127
205	245	128
206	253	128
207	255	128
208	255	128
209	255	128
210	255	128
211	255	128
212	255	128
213	255	128
214	255	128
215	255	128
216	255	128
217	255	128
218	255	128
219	255	128
220	255	128
221	255	128
222	255	128
223	252	128
224	245	128
225	238	128
226	231	128
227	225	128
228	214	128
229	204	128
230	196	128
231	188	128
232	181	128
233	173	128
234	165	128
235	157	128
236	150	128
237	143	128
238	137	128
239	130	128
240	125	128
241	118	128
242	113	128
243	108	128
244	103	128
245	99	128
246	95	128
247	91	128
248	87	127
249	83	128
250	79	128
251	77	128
252	75	128
253	72	128
254	69	128
255	67	128
256	65	128
257	62	128
258	61	128
259	59	128
260	57	128
261	55	128
262	54	128
263	53	128
264	52	128
265	51	128
266	51	128
267	49	128
268	49	128
269	48	128
270	47	128
271	46	128
272	46	128
273	45	128
274	45	128
275	44	128
276	44	128
277	44	128
278	44	128
279	44	128
280	44	128
281	45	128
282	45	128
283	45	128
284	45	128
285	45	128
286	45	128
287	46	128
288	47	128
289	47	128
290	49	128
291	49	128
292	51	128
293	52	128
294	53	128
295	55	128
296	56	128
297	58	128
298	59	128
299	62	128
300	63	128
301	66	128
302	68	128
303	70	128
304	73	128
305	76	128
306	79	128
307	83	128
308	86	128
309	90	128
310	94	128
311	98	128
312	103	128
313	108	128
314	113	128
315	117	128
316	122	128
317	128	128
318	134	128
319	141	128
320	146	128
321	153	128
322	159	128
323	165	127
324	173	128
325	180	128
326	187	128
327	193	128
328	199	128
329	206	128
330	212	128
331	219	128
332	224	128
333	230	128
334	235	128
335	239	128
336	243	128
337	246	128
338	249	128
339	251	128
340	253	128
341	253	128
342	253	128
343	252	128
344	250	128
345	248	128
346	246	128
347	243	128
348	239	128
349	234	128
350	229	128
351	223	128
352	218	128
353	213	128
354	206	128
355	200	128
356	194	128
357	187	128
358	181	128
359	175	128
360	168	128
361	162	128
362	156	127
363	150	128
364	144	128
365	139	128
366	134	128
367	129	128
368	124	128
369	119	128
370	115	127
371	111	128
372	107	128
373	104	128
374	100	128
375	97	128
376	94	128
377	91	128
378	88	128
379	86	128
380	83	128
381	81	128
382	79	128
383	77	128
384	75	128
385	73	128
386	72	128
387	70	128
388	69	128
389	68	128
390	67	128
391	66	127
392	65	128
393	64	128
394	63	128
395	63	128
396	62	128
397	62	128
398	61	127
399	61	128
400	60	128
401	61	128
402	61	128
403	60	127
404	61	127
405	61	128
406	61	127
407	61	127
408	62	128
409	62	128
410	63	128
411	64	128
412	65	128
413	66	127
414	67	128
415	68	128
416	69	128
417	70	127
418	71	128
419	73	128
420	74	128
421	77	128
422	78	128
423	81	128
424	82	128
425	84	128
426	88	127
427	93	128
428	95	128
429	99	128
430	98	128
431	105	128
432	102	128
433	109	127
434	109	127
435	113	128
436	115	128
437	120	127
438	122	127
439	127	127
440	130	127
441	134	127
442	137	127
443	141	127
444	146	128
445	149	127
446	152	127
447	155	128
448	159	127
449	161	127
450	165	128
451	168	128
452	171	128
453	173	128
454	176	128
455	177	128
456	179	128
457	180	127
458	181	128
459	182	128
460	183	128
461	183	128
462	183	128
463	181	128
464	181	128
465	179	128
466	178	128
467	177	128
468	176	127
469	173	128
470	171	128
471	167	127
472	165	128
473	162	128
474	159	128
475	156	128
476	152	128
477	148	128
478	145	128
479	141	127
480	137	128
481	133	128
482	130	128
483	126	128
484	121	127
485	117	128
486	114	128
487	111	128
488	108	128
489	105	128
490	102	128
491	99	128
492	97	128
493	94	128
494	92	128
495	91	127
496	89	128
497	87	128
498	86	128
499	85	128
500	86	128
501	86	128
502	83	128
503	81	128
504	81	128
505	80	128
506	81	128
507	80	127
508	80	128
509	80	127
510	80	127
511	79	128
512	79	128
513	79	127
514	80	128
515	80	128
516	81	128
517	81	128
518	82	128
519	83	128
520	83	128
521	85	128
522	85	128
523	86	128
524	87	128
525	89	128
526	90	128
527	91	128
528	93	128
529	95	128
530	96	128
531	97	128
532	99	128
533	101	128
534	104	128
535	105	128
536	107	128
537	109	128
538	112	128
539	114	128
540	116	128
541	119	128
542	121	128
543	123	128
544	125	128
545	128	128
546	130	128
547	132	128
548	135	128
549	136	128
550	139	128
551	141	128
552	143	128
553	144	128
554	146	128
555	148	128
556	149	128
557	150	128
558	151	128
559	151	128
560	152	128
561	153	128
562	153	128
563	153	128
564	153	128
565	153	128
566	153	128
567	152	128
568	151	128
569	150	128
570	148	128
571	147	128
572	145	128
573	143	128
574	141	128
575	139	128
576	137	128
577	135	128
578	134	128
579	132	128
580	130	128
581	128	128
582	126	128
583	124	128
584	122	128
585	120	128
586	119	128
587	117	128
588	115	127
589	113	128
590	112	127
591	110	128
592	109	128
593	108	128
594	107	128
595	106	128
596	105	128
597	104	128
598	102	128
599	102	128
600	101	128
601	101	128
602	100	128
603	99	128
604	99	128
605	98	128
606	98	128
607	98	128
608	97	128
609	97	128
610	97	128
611	97	128
612	97	128
613	96	128
614	96	128
615	95	128
616	95	127
617	95	128
618	94	128
619	94	128
620	94	128
621	94	128
622	93	128
623	93	128
624	94	128
625	94	128
626	95	128
627	94	128
628	95	128
629	95	128
630	96	128
631	97	128
632	97	128
633	98	128
634	98	128
635	98	128
636	99	128
637	99	127
638	100	128
639	101	128
640	102	128
641	102	128
642	103	128
643	103	128
644	104	128
645	105	128
646	106	128
647	106	128
648	107	128
649	107	128
650	108	128
651	109	128
652	110	128
653	110	128
654	112	128
655	113	128
656	113	127
657	114	127
658	114	128
659	115	127
660	116	128
661	117	127
662	118	127
663	119	128
664	120	128
665	121	128
666	122	128
667	123	127
668	124	128
669	125	128
670	127	128
671	127	128
672	128	128
673	129	128
674	130	128
675	131	128
676	132	127
677	133	128
678	134	128
679	135	128
680	136	128
681	137	128
682	139	128
683	140	128
684	141	128
685	142	128
686	143	128
687	145	128
688	146	128
689	148	128
690	149	128
691	151	128
692	153	128
693	154	128
694	156	128
695	158	128
696	159	128
697	161	128
698	163	128
699	164	128
700	168	128
701	173	128
702	174	128
703	176	128
704	172	128
705	178	128
706	175	128
707	179	128
708	177	128
709	178	128
710	177	128
711	179	128
712	178	128
713	179	128
714	178	128
715	178	128
716	177	128
717	176	128
718	175	128
719	175	128
720	174	128
721	172	128
722	171	128
723	168	128
724	167	128
725	165	128
726	164	128
727	161	128
728	158	128
729	156	128
730	154	128
731	151	128
732	150	128
733	147	128
734	144	128
735	141	128
736	138	128
737	136	128
738	134	128
739	131	128
740	129	128
741	127	128
742	124	128
743	122	128
744	120	128
745	117	128
746	115	128
747	113	128
748	111	128
749	109	128
750	107	128
751	105	128
752	103	128
753	101	128
754	100	128
755	99	128
756	98	128
757	96	128
758	95	128
759	93	128
760	92	128
761	91	128
762	90	128
763	90	128
764	89	128
765	88	128
766	87	128
767	86	128
768	86	128
769	86	128
770	85	128
771	85	128
772	84	128
773	84	128
774	85	128
775	86	128
776	84	128
777	82	128
778	83	128
779	83	128
780	85	128
781	85	128
782	85	128
783	85	128
784	86	128
785	86	128
786	87	128
787	87	128
788	88	128
789	89	128
790	89	128
791	90	128
792	92	128
793	93	128
794	94	128
795	95	128
796	96	128
797	97	128
798	98	128
799	100	128
800	102	128
801	103	128
802	105	128
803	107	128
804	108	128
805	110	128
806	112	128
807	114	128
808	115	128
809	117	128
810	119	128
811	120	128
812	122	128
813	124	128
814	126	128
815	127	128
816	129	128
817	131	128
818	132	128
819	133	128
820	135	128
821	136	128
822	137	128
823	138	128
824	139	128
825	140	128
826	140	128
827	141	128
828	141	128
829	141	128
830	142	128
831	142	128
832	142	128
833	141	128
834	141	128
835	141	128
836	140	128
837	139	128
838	139	128
839	137	128
840	137	128
841	136	128
842	135	128
843	134	128
844	133	128
845	132	128
846	130	128
847	129	128
848	128	128
849	127	128
850	126	128
851	125	128
852	123	128
853	123	128
854	122	128
855	121	128
856	119	128
857	118	128
858	117	128
859	116	128
860	115	128
861	114	128
862	113	128
863	113	128
864	112	128
865	111	128
866	110	128
867	109	128
868	109	128
869	108	128
870	107	128
871	107	128
872	107	128
873	106	128
874	106	128
875	106	128
876	106	128
877	105	128
878	105	128
879	105	128
880	104	128
881	104	128
882	105	128
883	105	128
884	105	128
885	105	128
886	105	128
887	105	128
888	105	128
889	106	128
890	106	128
891	106	128
892	107	128
893	107	128
894	107	128
895	108	128
896	109	128
897	109	128
898	110	128
899	111	128
900	111	128
901	111	128
902	112	127
903	113	128
904	113	128
905	114	128
906	115	128
907	116	128
908	116	128
909	117	128
910	117	128
911	118	128
912	119	128
913	120	128
914	120	128
915	121	128
916	121	128
917	122	128
918	123	128
919	123	128
920	124	128
921	125	128
922	125	128
923	125	128
924	125	128
925	126	128
926	127	128
927	127	128
928	127	128
929	127	128
930	127	128
931	128	128
932	128	128
933	127	128
934	127	128
935	128	128
936	128	128
937	128	128
938	128	128
939	128	128
940	127	128
941	127	128
942	127	128
943	127	128
944	127	128
945	126	128
946	126	128
947	126	128
948	125	128
949	125	128
950	124	128
951	124	128
952	123	128
953	123	128
954	123	128
955	123	128
956	121	128
957	121	128
958	121	128
959	120	128
960	120	128
961	119	128
962	119	128
963	119	128
964	118	128
965	118	128
966	118	128
967	117	128
968	116	128
969	117	128
970	116	128
971	116	128
972	115	128
973	115	127
974	116	128
975	119	128
976	117	128
977	119	128
978	114	128
979	117	128
980	112	128
981	116	128
982	113	128
983	114	127
984	113	128
985	113	128
986	111	128
987	112	128
988	111	128
989	112	128
990	112	128
991	111	128
992	112	128
993	111	128
994	112	128
995	111	127
996	112	128
997	112	128
998	112	127
999	112	128
1000	113	128
1001	112	127
1002	113	128
1003	112	128
1004	113	127
1005	113	128
1006	113	128
1007	114	128
1008	114	128
1009	115	128
1010	115	128
1011	115	128
1012	115	128
1013	115	128
1014	116	128
1015	116	128
1016	117	128
1017	117	128
1018	118	128
1019	118	128
1020	118	128
1021	119	128
1022	119	128
1023	114	127
1024	110	129
1025	126	129
1026	130	129
1027	120	127
1028	117	127
1029	125	128
1030	125	128
1031	119	128
1032	125	128
1033	128	128
1034	125	128
1035	124	128
1036	128	128
1037	126	128
1038	123	128
1039	126	128
1040	127	128
1041	125	129
1042	125	128
1043	127	128
1044	125	128
1045	125	128
1046	127	128
1047	128	129
1048	127	128
1049	127	128
1050	128	128
1051	126	129
1052	125	129
1053	125	129
1054	125	129
1055	123	129
1056	121	129
1057	120	129
1058	119	129
1059	117	129
1060	116	129
1061	114	129
1062	112	129
1063	110	128
1064	109	128
1065	107	129
1066	105	129
1067	104	129
1068	102	129
1069	99	129
1070	96	129
1071	94	129
1072	90	129
1073	88	128
1074	85	129
1075	82	128
1076	79	129
1077	78	128
1078	76	129
1079	74	128
1080	71	128
1081	69	128
1082	66	128
1083	64	128
1084	62	128
1085	60	129
1086	58	128
1087	55	128
1088	53	128
1089	50	128
1090	48	128
1091	46	128
1092	44	128
1093	42	128
1094	40	128
1095	39	128
1096	37	128
1097	36	128
1098	35	128
1099	33	128
1100	32	128
1101	31	128
1102	30	128
1103	29	128
1104	28	128
1105	27	128
1106	27	128
1107	26	128
1108	25	128
1109	25	128
1110	24	128
1111	23	128
1112	23	128
1113	22	128
1114	21	128
1115	21	128
1116	20	128
1117	20	128
1118	19	128
1119	19	128
1120	18	128
1121	18	128
1122	18	128
1123	18	128
1124	17	128
1125	17	128
1126	17	128
1127	16	128
1128	16	128
1129	16	128
1130	15	128
1131	15	128
1132	15	128
1133	15	128
1134	15	128
1135	14	128
1136	14	128
1137	14	128
1138	14	128
1139	14	128
1140	13	128
1141	13	128
1142	13	128
1143	13	128
1144	13	128
1145	13	128
1146	13	128
1147	12	128
1148	13	128
1149	12	128
1150	12	128
1151	12	128
1152	12	128
1153	12	128
1154	12	128
1155	12	128
1156	12	128
1157	12	128
1158	12	128
1159	12	128
1160	11	128
1161	11	128
1162	11	128
1163	11	128
1164	11	128
1165	11	128
1166	11	128
1167	11	128
1168	11	128
1169	11	128
1170	11	128
1171	11	128
1172	11	128
1173	10	128
1174	10	128
1175	11	128
1176	10	128
1177	10	128
1178	10	128
1179	10	128
1180	10	128
1181	10	128
1182	11	128
1183	10	128
1184	10	128
1185	10	128
1186	11	128
1187	10	128
1188	10	128
1189	10	128
1190	10	128
1191	10	128
1192	10	128
1193	10	128
1194	10	128
1195	10	128
1196	10	128
1197	10	128
1198	10	128
1199	9	128
1200	9	128
1201	9	128
1202	9	128
1203	10	128
1204	9	128
1205	10	128
1206	9	128
1207	9	128
1208	10	128
1209	9	128
1210	9	128
1211	9	128
1212	9	128
1213	9	128
1214	9	128
1215	9	128
1216	9	128
1217	9	128
1218	9	128
1219	9	128
1220	9	128
1221	9	128
1222	9	128
1223	9	128
1224	9	128
1225	9	128
1226	9	128
1227	9	128
1228	9	128
1229	9	128
1230	9	128
1231	9	128
1232	9	128
1233	9	128
1234	9	128
1235	9	128
1236	9	128
1237	9	128
1238	9	128
1239	9	128
1240	9	128
1241	9	128
1242	9	128
1243	9	128
1244	9	128
1245	9	128
1246	9	128
1247	8	128
1248	10	128
1249	14	128
1250	13	128
1251	11	128
1252	7	128
1253	12	128
1254	8	128
1255	11	128
1256	9	128
1257	9	128
1258	8	128
1259	10	128
1260	8	128
1261	9	128
1262	9	128
1263	9	128
1264	9	128
1265	9	128
1266	9	128
1267	9	128
1268	9	128
1269	9	128
1270	9	128
1271	9	128
1272	9	128
1273	9	128
1274	9	128
1275	9	128
1276	9	128
1277	9	128
1278	9	128
1279	9	128
1280	9	128
1281	9	128
1282	9	128
1283	9	128
1284	9	128
1285	9	128
1286	9	128
1287	9	128
1288	10	128
1289	9	128
1290	9	128
1291	9	128
1292	9	128
1293	9	128
1294	9	128
1295	9	128
1296	9	128
1297	9	128
1298	9	128
1299	9	128
1300	9	128
1301	9	128
1302	9	128
1303	9	128
1304	9	128
1305	9	128
1306	9	128
1307	9	128
1308	9	128
1309	9	128
1310	9	128
1311	9	128
1312	9	128
1313	9	128
1314	9	128
1315	9	128
1316	9	128
1317	9	128
1318	9	128
1319	9	128
1320	9	128
1321	9	128
1322	10	128
1323	11	128
1324	8	128
1325	8	128
1326	8	128
1327	9	128
1328	10	128
1329	9	128
1330	9	128
1331	9	128
1332	9	128
1333	9	128
1334	9	128
1335	9	128
1336	9	128
1337	9	128
1338	9	128
1339	9	128
1340	9	128
1341	9	128
1342	9	128
1343	9	128
1344	9	128
1345	9	128
1346	8	128
1347	9	128
1348	9	128
1349	9	128
1350	9	128
1351	9	128
1352	9	128
1353	9	128
1354	9	128
1355	9	128
1356	9	128
1357	9	128
1358	9	128
1359	9	128
1360	9	128
1361	9	128
1362	9	128
1363	9	128
1364	9	128
1365	9	128
1366	9	128
1367	9	128
1368	9	127
1369	9	127
1370	9	128
1371	9	128
1372	9	128
1373	9	128
1374	9	128
1375	9	128
1376	9	128
1377	9	128
1378	9	128
1379	9	128
1380	9	128
1381	9	128
1382	9	128
1383	9	128
1384	9	128
1385	9	128
1386	9	128
1387	9	128
1388	9	128
1389	9	128
1390	9	128
1391	9	128
1392	9	128
1393	9	128
1394	9	128
1395	9	128
1396	9	128
1397	9	128
1398	9	128
1399	9	128
1400	9	128
1401	9	128
1402	9	128
1403	9	128
1404	9	128
1405	9	128
1406	9	128
1407	9	128
1408	9	128
1409	9	128
1410	9	128
1411	9	128
1412	9	128
1413	9	128
1414	9	128
1415	9	128
1416	9	128
1417	9	128
1418	9	128
1419	9	128
1420	9	128
1421	9	128
1422	9	128
1423	9	128
1424	9	128
1425	9	128
1426	9	128
1427	9	128
1428	8	128
1429	9	128
1430	9	128
1431	9	128
1432	9	128
1433	9	128
1434	9	128
1435	9	128
1436	8	128
1437	8	128
1438	7	128
1439	7	128
1440	8	128
1441	8	128
1442	9	128
1443	9	128
1444	10	128
1445	10	128
1446	10	128
1447	10	128
1448	10	128
1449	10	128
1450	10	128
1451	10	128
1452	10	128
1453	10	128
1454	9	128
1455	10	128
1456	10	128
1457	10	128
1458	10	128
1459	10	128
1460	10	128
1461	10	128
1462	10	128
1463	10	128
1464	10	128
1465	11	128
1466	11	128
1467	10	128
1468	10	128
1469	10	128
1470	10	128
1471	11	128
1472	11	128
1473	10	128
1474	11	128
1475	11	128
1476	11	128
1477	10	128
1478	10	128
1479	11	128
1480	11	128
1481	11	128
1482	11	128
1483	11	128
1484	10	128
1485	10	128
1486	10	128
1487	10	128
1488	11	128
1489	10	128
1490	10	128
1491	11	128
1492	10	128
1493	10	128
1494	10	128
1495	10	128
1496	10	128
1497	10	128
1498	10	128
1499	10	128
1500	10	128
1501	10	128
1502	10	128
1503	10	128
1504	10	128
1505	10	128
1506	10	128
1507	10	128
1508	10	128
1509	9	128
1510	10	128
1511	10	128
1512	10	128
1513	10	128
1514	10	128
1515	9	128
1516	10	128
1517	10	127
1518	9	128
1519	10	128
1520	9	128
1521	9	127
1522	10	128
1523	14	128
1524	13	128
1525	10	128
1526	7	127
1527	12	128
1528	9	128
1529	12	128
1530	10	128
1531	10	128
1532	9	128
1533	11	128
1534	8	128
1535	10	128
1536	9	128
1537	9	128
1538	9	128
1539	9	128
1540	9	128
1541	9	128
1542	9	128
1543	9	128
1544	9	128
1545	9	128
1546	9	128
1547	9	128
1548	9	128
1549	9	128
1550	9	127
1551	9	128
1552	9	128
1553	9	128
1554	9	128
1555	9	128
1556	9	128
1557	9	128
1558	9	128
1559	9	128
1560	9	128
1561	9	128
1562	9	128
1563	9	128
1564	9	128
1565	9	128
1566	9	128
1567	9	128
1568	9	128
1569	9	128
1570	9	128
1571	9	128
1572	9	128
1573	9	128
1574	9	128
1575	9	128
1576	9	128
1577	9	128
1578	9	128
1579	9	128
1580	9	128
1581	9	128
1582	9	128
1583	9	128
1584	9	128
1585	9	128
1586	9	128
1587	9	128
1588	9	128
1589	9	128
1590	9	128
1591	9	128
1592	9	128
1593	9	128
1594	9	128
1595	9	128
1596	10	127
1597	9	128
1598	7	127
1599	8	128
1600	9	128
1601	10	128
1602	11	128
1603	11	128
1604	13	128
1605	13	128
1606	15	128
1607	17	128
1608	20	127
1609	24	128
1610	32	128
1611	47	127
1612	103	127
1613	237	128
1614	255	128
1615	255	127
1616	255	128
1617	255	128
1618	255	128
1619	255	129
1620	255	129
1621	255	129
1622	255	130
1623	255	130
1624	255	130
1625	255	130
1626	255	129
1627	255	129
1628	255	129
1629	255	129
1630	255	129
1631	248	129
1632	193	129
1633	175	128
1634	179	128
1635	177	128
1636	155	128
1637	122	127
1638	95	128
1639	80	127
1640	76	127
1641	76	128
1642	76	127
1643	73	127
1644	67	127
1645	59	127
1646	52	127
1647	47	128
1648	44	127
1649	42	127
1650	40	127
1651	39	127
1652	37	127
1653	36	127
1654	34	127
1655	33	127
1656	31	127
1657	30	127
1658	29	127
1659	28	127
1660	28	127
1661	27	127
1662	26	127
1663	26	127
1664	26	127
1665	25	127
1666	25	128
1667	25	128
1668	24	128
1669	24	127
1670	24	127
1671	24	128
1672	24	128
1673	23	127
1674	23	127
1675	23	128
1676	23	128
1677	23	128
1678	23	128
1679	23	128
1680	24	128
1681	24	128
1682	24	128
1683	25	128
1684	25	128
1685	26	128
1686	26	128
1687	27	128
1688	28	128
1689	29	128
1690	31	128
1691	33	128
1692	36	128
1693	39	128
1694	45	128
1695	52	128
1696	60	128
1697	67	128
1698	73	128
1699	77	128
1700	81	128
1701	85	128
1702	92	128
1703	101	128
1704	113	128
1705	124	128
1706	134	128
1707	144	128
1708	153	128
1709	165	128
1710	180	129
1711	195	128
1712	210	128
1713	224	128
1714	238	128
1715	252	128
1716	255	128
1717	255	129
1718	255	128
1719	255	128
1720	255	128
1721	255	129
1722	255	128
1723	255	129
1724	255	129
1725	255	129
1726	255	128
1727	255	128
1728	255	129
1729	255	129
1730	255	129
1731	255	128
1732	255	129
1733	255	128
1734	255	128
1735	255	128
1736	255	128
1737	255	128
1738	247	128
1739	235	128
1740	223	128
1741	212	128
1742	201	128
1743	190	128
1744	179	127
1745	169	128
1746	160	128
1747	152	128
1748	143	127
1749	135	128
1750	128	127
1751	121	128
1752	115	128
1753	109	128
1754	104	128
1755	98	128
1756	94	128
1757	89	128
1758	85	128
1759	81	128
1760	77	128
1761	74	128
1762	71	128
1763	68	128
1764	65	128
1765	63	128
1766	61	128
1767	58	128
1768	56	128
1769	54	128
1770	53	128
1771	52	128
1772	50	128
1773	49	128
1774	47	128
1775	46	128
1776	45	128
1777	44	128
1778	43	128
1779	42	128
1780	42	128
1781	41	129
1782	41	128
1783	40	128
1784	39	129
1785	39	129
1786	39	128
1787	39	128
1788	38	128
1789	38	129
1790	38	128
1791	38	129
1792	38	128
1793	38	128
1794	38	128
1795	38	128
1796	39	128
1797	43	128
1798	43	128
1799	40	128
1800	37	128
1801	44	128
1802	42	128
1803	45	128
1804	45	128
1805	46	128
1806	46	128
1807	50	128
1808	49	128
1809	52	128
1810	53	128
1811	55	128
1812	57	128
1813	59	128
1814	61	128
1815	64	128
1816	66	128
1817	69	128
1818	73	128
1819	76	128
1820	79	128
1821	83	128
1822	87	128
1823	91	128
1824	95	128
1825	100	128
1826	105	128
1827	109	128
1828	115	128
1829	121	128
1830	127	128
1831	133	128
1832	139	128
1833	145	128
1834	152	128
1835	158	128
1836	165	128
1837	172	128
1838	179	128
1839	186	128
1840	193	128
1841	200	128
1842	206	128
1843	212	128
1844	218	128
1845	224	128
1846	229	128
1847	234	128
1848	238	128
1849	241	128
1850	245	128
1851	247	128
1852	249	128
1853	250	128
1854	250	128
1855	250	128
1856	248	128
1857	246	128
1858	244	128
1859	241	128
1860	238	128
1861	233	128
1862	229	128
1863	224	128
1864	219	128
1865	213	128
1866	207	128
1867	201	128
1868	195	128
1869	189	128
1870	183	128
1871	176	128
1872	169	128
1873	163	128
1874	159	128
1875	154	128
1876	148	128
1877	143	128
1878	138	128
1879	133	128
1880	128	128
1881	124	128
1882	119	128
1883	115	128
1884	111	128
1885	107	128
1886	103	128
1887	100	128
1888	97	128
1889	94	128
1890	91	128
1891	88	128
1892	86	128
1893	83	128
1894	80	128
1895	79	128
1896	78	128
1897	76	128
1898	73	128
1899	72	128
1900	70	128
1901	69	128
1902	67	128
1903	67	128
1904	66	128
1905	65	128
1906	64	128
1907	63	128
1908	62	128
1909	62	128
1910	62	128
1911	61	128
1912	61	128
1913	60	128
1914	60	128
1915	60	128
1916	60	128
1917	60	128
1918	60	128
1919	60	128
1920	61	128
1921	61	128
1922	62	128
1923	62	128
1924	63	128
1925	64	128
1926	65	128
1927	66	128
1928	67	128
1929	68	128
1930	69	128
1931	70	128
1932	71	128
1933	73	128
1934	74	128
1935	76	128
1936	78	128
1937	80	128
1938	83	128
1939	85	128
1940	87	128
1941	89	128
1942	92	128
1943	95	128
1944	99	128
1945	101	128
1946	104	128
1947	107	128
1948	111	128
1949	114	128
1950	118	128
1951	121	128
1952	125	128
1953	129	127
1954	133	127
1955	137	128
1956	141	128
1957	145	128
1958	149	128
1959	153	128
1960	156	128
1961	160	128
1962	164	128
1963	167	128
1964	170	128
1965	172	128
1966	175	128
1967	178	128
1968	180	128
1969	182	128
1970	183	128
1971	183	128
1972	184	128
1973	184	128
1974	185	128
1975	185	128
1976	184	128
1977	183	128
1978	182	128
1979	180	128
1980	179	128
1981	177	128
1982	175	128
1983	172	128
1984	169	128
1985	167	128
1986	164	128
1987	161	128
1988	158	128
1989	155	128
1990	151	128
1991	148	128
1992	145	128
1993	142	127
1994	139	128
1995	136	128
1996	133	127
1997	129	128
1998	127	127
1999	124	127
2000	121	127
2001	119	128
2002	116	127
2003	113	127
2004	111	127
2005	108	127
2006	107	127
2007	104	127
2008	103	128
2009	101	128
2010	99	128
2011	97	128
2012	95	128
2013	94	127
2014	93	128
2015	92	127
2016	91	128
2017	90	128
2018	89	128
2019	88	128
2020	87	128
2021	86	128
2022	86	128
2023	85	128
2024	85	128
2025	84	128
2026	84	128
2027	83	128
2028	84	128
2029	83	128
2030	84	128
2031	84	128
2032	84	128
2033	84	128
2034	85	128
2035	85	128
2036	85	128
2037	86	128
2038	87	128
2039	87	128
2040	88	128
2041	89	128
2042	89	128
2043	90	128
2044	91	128
2045	93	128
2046	94	128
2047	96	128
2048	97	128
2049	98	128
2050	100	128
2051	101	128
2052	103	128
2053	105	128
2054	106	128
2055	108	128
2056	110	128
2057	112	128
2058	114	128
2059	116	127
2060	118	128
2061	120	127
2062	123	127
2063	125	128
2064	127	128
2065	129	128
2066	131	128
2067	133	128
2068	136	127
2069	137	128
2070	141	128
2071	147	128
2072	147	128
2073	146	128
2074	145	128
2075	151	127
2076	151	128
2077	155	127
2078	156	128
2079	157	127
2080	157	127
2081	160	128
2082	159	128
2083	162	127
2084	162	128
2085	163	128
2086	163	128
2087	163	128
2088	163	128
2089	164	128
2090	164	128
2091	164	128
2092	164	128
2093	163	128
2094	163	128
2095	162	128
2096	161	128
2097	159	128
2098	158	128
2099	157	128
2100	156	128
2101	155	127
2102	153	128
2103	151	128
2104	149	128
2105	147	128
2106	145	128
2107	144	128
2108	142	128
2109	140	128
2110	137	128
2111	135	127
2112	133	128
2113	132	128
2114	130	128
2115	128	128
2116	126	127
2117	123	128
2118	121	128
2119	119	128
2120	118	128
2121	116	128
2122	114	128
2123	112	127
2124	110	128
2125	108	128
2126	106	128
2127	105	128
2128	104	128
2129	103	128
2130	101	128
2131	99	128
2132	98	128
2133	97	128
2134	96	128
2135	95	128
2136	94	128
2137	92	128
2138	92	128
2139	91	128
2140	90	128
2141	89	128
2142	88	128
2143	87	128
2144	87	128
2145	85	128
2146	82	128
2147	83	128
2148	84	128
2149	85	128
2150	85	128
2151	84	128
2152	84	128
2153	84	128
2154	84	128
2155	83	128
2156	84	128
2157	83	128
2158	84	128
2159	85	128
2160	85	128
2161	84	128
2162	85	128
2163	85	129
2164	86	128
2165	87	128
2166	88	128
2167	89	128
2168	88	128
2169	90	128
2170	91	128
2171	92	128
2172	92	128
2173	94	128
2174	95	128
2175	96	128
2176	97	128
2177	99	128
2178	100	128
2179	101	128
2180	102	128
2181	104	128
2182	106	128
2183	107	128
2184	109	128
2185	111	128
2186	112	128
2187	114	128
2188	116	128
2189	118	128
2190	120	128
2191	121	128
2192	123	128
2193	124	128
2194	126	128
2195	128	128
2196	130	128
2197	132	128
2198	134	128
2199	136	128
2200	137	128
2201	139	128
2202	141	128
2203	142	128
2204	144	128
2205	145	128
2206	147	128
2207	147	128
2208	149	128
2209	150	128
2210	151	128
2211	152	128
2212	153	128
2213	154	128
2214	154	128
2215	154	128
2216	155	128
2217	155	128
2218	155	128
2219	155	129
2220	155	128
2221	155	128
2222	154	128
2223	153	128
2224	153	128
2225	152	128
2226	151	128
2227	150	128
2228	150	128
2229	149	128
2230	147	128
2231	145	128
2232	144	128
2233	143	128
2234	142	128
2235	141	128
2236	139	128
2237	137	128
2238	135	128
2239	133	128
2240	132	128
2241	131	128
2242	129	128
2243	127	128
2244	125	128
2245	124	128
2246	122	128
2247	121	127
2248	120	127
2249	118	128
2250	117	128
2251	115	128
2252	114	128
2253	113	128
2254	112	128
2255	111	128
2256	109	128
2257	108	128
2258	107	128
2259	105	128
2260	105	128
2261	104	128
2262	103	128
2263	102	128
2264	102	128
2265	101	128
2266	100	128
2267	100	128
2268	99	128
2269	98	128
2270	98	128
2271	97	128
2272	97	128
2273	97	128
2274	97	128
2275	96	128
2276	97	128
2277	96	128
2278	96	128
2279	96	128
2280	96	128
2281	96	127
2282	97	127
2283	96	128
2284	97	127
2285	97	127
2286	97	128
2287	98	128
2288	99	128
2289	99	128
2290	100	127
2291	100	128
2292	101	128
2293	101	128
2294	102	128
2295	103	128
2296	104	128
2297	105	128
2298	106	128
2299	107	128
2300	108	128
2301	109	128
2302	109	128
2303	111	128
2304	112	128
2305	113	128
2306	114	128
2307	116	128
2308	117	128
2309	118	128
2310	119	128
2311	121	128
2312	122	128
2313	123	128
2314	124	128
2315	125	128
2316	127	128
2317	128	128
2318	130	128
2319	131	128
2320	131	128
2321	133	128
2322	134	128
2323	135	128
2324	136	128
2325	137	128
2326	137	128
2327	138	128
2328	139	128
2329	140	128
2330	141	128
2331	141	128
2332	141	128
2333	141	128
2334	142	128
2335	143	128
2336	143	128
2337	143	128
2338	143	128
2339	143	128
2340	142	128
2341	142	128
2342	142	128
2343	141	128
2344	142	128
2345	144	129
2346	142	128
2347	139	128
2348	136	128
2349	139	128
2350	138	128
2351	139	129
2352	137	129
2353	135	128
2354	133	128
2355	134	128
2356	131	128
2357	132	128
2358	131	128
2359	130	128
2360	129	128
2361	128	128
2362	126	128
2363	126	128
2364	125	128
2365	124	128
2366	123	128
2367	122	128
2368	121	128
2369	120	128
2370	119	128
2371	117	128
2372	117	128
2373	116	128
2374	115	128
2375	114	128
2376	114	128
2377	113	128
2378	112	128
2379	111	128
2380	110	128
2381	109	127
2382	109	128
2383	109	128
2384	108	128
2385	108	128
2386	107	128
2387	106	128
2388	106	128
2389	106	128
2390	105	128
2391	105	128
2392	105	128
2393	105	128
2394	105	128
2395	104	128
2396	104	128
2397	104	128
2398	104	128
2399	104	128
2400	104	128
2401	104	128
2402	104	128
2403	105	128
2404	105	128
2405	105	128
2406	105	128
2407	106	128
2408	106	128
2409	106	128
2410	106	128
2411	107	128
2412	108	128
2413	108	128
2414	109	128
2415	109	128
2416	110	128
2417	110	128
2418	111	127
2419	110	128
2420	110	128
2421	112	128
2422	114	128
2423	115	128
2424	115	128
2425	116	127
2426	118	128
2427	118	128
2428	118	128
2429	119	128
2430	121	128
2431	121	128
2432	122	128
2433	123	128
2434	124	128
2435	125	128
2436	126	128
2437	127	128
2438	128	128
2439	128	128
2440	129	128
2441	129	128
2442	129	128
2443	131	128
2444	133	128
2445	133	128
2446	133	128
2447	134	128
2448	134	128
2449	135	128
2450	135	128
2451	136	128
2452	136	128
2453	136	128
2454	136	128
2455	136	128
2456	136	128
2457	136	128
2458	136	128
2459	136	128
2460	136	128
2461	136	128
2462	136	128
2463	136	128
2464	135	128
2465	135	128
2466	135	128
2467	134	128
2468	134	128
2469	133	128
2470	132	128
2471	131	128
2472	131	128
2473	131	128
2474	130	128
2475	129	128
2476	129	128
2477	129	128
2478	128	128
2479	127	128
2480	127	128
2481	126	127
2482	125	128
2483	124	128
2484	123	128
2485	123	128
2486	122	128
2487	121	128
2488	119	128
2489	118	128
2490	118	128
2491	117	128
2492	117	128
2493	116	128
2494	115	128
2495	115	128
2496	114	128
2497	113	128
2498	113	128
2499	113	128
2500	112	128
2501	111	128
2502	111	128
2503	110	128
2504	110	128
2505	109	128
2506	109	128
2507	108	128
2508	108	128
2509	108	128
2510	108	128
2511	108	128
2512	108	128
2513	108	128
2514	108	128
2515	107	128
2516	108	128
2517	108	128
2518	108	128
2519	108	128
2520	108	128
2521	108	128
2522	108	128
2523	109	128
2524	109	128
2525	110	128
2526	110	128
2527	111	128
2528	111	128
2529	111	128
2530	112	128
2531	113	128
2532	113	128
2533	114	128
2534	114	128
2535	114	128
2536	115	128
2537	116	128
2538	116	128
2539	117	128
2540	117	128
2541	118	127
2542	118	128
2543	119	128
2544	120	128
2545	121	128
2546	121	128
2547	122	128
2548	122	128
2549	122	128
2550	123	128
2551	123	128
2552	124	128
2553	124	128
2554	124	128
2555	124	128
2556	125	128
2557	125	128
2558	124	127
2559	125	128
2560	125	127
2561	125	128
2562	125	127
2563	125	128
2564	125	128
2565	124	128
2566	124	128
2567	124	128
2568	123	128
2569	123	128
2570	123	128
2571	122	128
2572	122	128
2573	122	128
2574	121	128
2575	121	128
2576	120	128
2577	119	128
2578	119	128
2579	118	128
2580	118	128
2581	118	128
2582	117	128
2583	117	128
2584	116	128
2585	115	128
2586	115	128
2587	115	128
2588	114	128
2589	114	128
2590	113	128
2591	112	128
2592	112	128
2593	111	128
2594	111	128
2595	110	128
2596	110	128
2597	110	128
2598	110	128
2599	109	128
2600	109	128
2601	108	128
2602	108	128
2603	108	128
2604	108	128
2605	107	128
2606	107	128
2607	107	128
2608	107	128
2609	107	128
2610	107	128
2611	106	128
2612	107	128
2613	106	128
2614	107	128
2615	106	128
2616	107	128
2617	106	128
2618	107	128
2619	109	128
2620	108	128
2621	105	128
2622	104	128
2623	108	128
2624	108	128
2625	109	128
2626	109	128
2627	109	128
2628	108	128
2629	110	128
2630	108	127
2631	110	128
2632	110	128
2633	111	127
2634	111	128
2635	112	128
2636	112	128
2637	113	128
2638	113	127
2639	114	127
2640	114	128
2641	115	128
2642	116	128
2643	116	128
2644	116	128
2645	117	128
2646	118	128
2647	118	128
2648	119	128
2649	119	128
2650	120	128
2651	120	128
2652	121	128
2653	121	128
2654	122	128
2655	122	128
2656	122	128
2657	122	129
2658	123	129
2659	123	128
2660	124	128
2661	125	128
2662	125	128
2663	125	128
2664	125	128
2665	125	128
2666	125	128
2667	126	128
2668	127	129
2669	126	128
2670	126	128
2671	126	128
2672	127	128
2673	127	128
2674	127	128
2675	127	128
2676	127	128
2677	126	128
2678	126	128
2679	125	128
2680	125	128
2681	125	128
2682	125	128
2683	124	128
2684	123	128
2685	123	128
2686	123	128
2687	122	128
2688	122	128
2689	121	128
2690	121	128
2691	120	128
2692	119	128
2693	117	128
2694	117	128
2695	117	128
2696	117	128
2697	117	128
2698	117	128
2699	117	128
2700	117	128
2701	115	128
2702	115	128
2703	114	128
2704	115	128
2705	113	128
2706	113	128
2707	113	128
2708	112	128
2709	112	128
2710	112	128
2711	112	128
2712	111	128
2713	110	128
2714	110	128
2715	109	128
2716	108	128
2717	109	128
2718	109	128
2719	109	128
2720	107	128
2721	108	128
2722	107	128
2723	107	128
2724	107	128
2725	107	128
2726	107	128
2727	107	128
2728	106	128
2729	106	128
2730	106	128
2731	107	128
2732	107	128
2733	106	128
2734	106	128
2735	107	128
2736	107	128
2737	107	128
2738	107	128
2739	107	128
2740	107	128
2741	107	128
2742	108	128
2743	108	128
2744	109	128
2745	108	128
2746	108	128
2747	109	128
2748	108	128
2749	108	128
2750	109	128
2751	109	128
2752	110	128
2753	110	128
2754	110	128
2755	110	128
2756	111	128
2757	111	128
2758	112	128
2759	113	128
2760	113	128
2761	114	128
2762	114	128
2763	114	128
2764	115	128
2765	115	128
2766	116	128
2767	116	128
2768	117	128
2769	117	128
2770	117	128
2771	118	128
2772	119	128
2773	119	128
2774	119	128
2775	119	128
2776	120	128
2777	120	128
2778	121	128
2779	121	128
2780	121	128
2781	121	128
2782	121	128
2783	121	128
2784	121	128
2785	122	128
2786	122	128
2787	122	128
2788	122	128
2789	122	128
2790	122	128
2791	121	128
2792	121	128
2793	122	128
2794	122	128
2795	121	128
2796	121	128
2797	121	128
2798	121	128
2799	120	128
2800	120	128
2801	120	128
2802	119	128
2803	119	128
2804	118	128
2805	118	128
2806	118	128
2807	118	128
2808	118	128
2809	117	128
2810	117	128
2811	117	128
2812	116	128
2813	116	128
2814	115	128
2815	115	128
2816	115	128
2817	114	128
2818	114	128
2819	114	128
2820	113	128
2821	113	128
2822	113	128
2823	112	128
2824	112	128
2825	112	128
2826	112	128
2827	112	128
2828	111	128
2829	111	128
2830	111	128
2831	111	128
2832	111	128
2833	111	128
2834	111	127
2835	111	128
2836	111	128
2837	111	128
2838	149	128
2839	111	127
2840	91	129
2841	116	127
2842	113	129
2843	108	128
2844	113	127
2845	118	128
2846	112	127
2847	112	127
2848	118	127
2849	120	127
2850	116	127
2851	117	128
2852	119	128
2853	116	128
2854	115	127
2855	119	127
2856	120	128
2857	117	128
2858	118	127
2859	120	128
2860	119	128
2861	119	128
2862	121	128
2863	122	128
2864	120	128
2865	120	128
2866	121	128
2867	121	128
2868	120	128
2869	120	127
2870	120	128
2871	118	128
2872	117	128
2873	117	128
2874	116	128
2875	114	128
2876	113	128
2877	112	128
2878	111	128
2879	109	128
2880	109	128
2881	107	128
2882	105	128
2883	104	128
2884	103	128
2885	99	128
2886	97	128
2887	95	128
2888	93	128
2889	90	128
2890	88	128
2891	85	128
2892	82	128
2893	81	128
2894	79	128
2895	74	128
2896	70	128
2897	71	128
2898	69	128
2899	67	128
2900	65	128
2901	62	128
2902	59	128
2903	59	128
2904	55	128
2905	54	128
2906	51	128
2907	49	128
2908	47	128
2909	45	128
2910	43	128
2911	42	128
2912	40	129
2913	38	128
2914	37	128
2915	36	128
2916	35	128
2917	33	128
2918	31	128
2919	31	128
2920	30	128
2921	29	128
2922	28	128
2923	27	128
2924	27	128
2925	25	128
2926	25	129
2927	24	128
2928	24	128
2929	23	128
2930	23	128
2931	22	128
2932	21	128
2933	20	128
2934	20	128
2935	20	128
2936	18	128
2937	18	128
2938	17	128
2939	18	128
2940	17	128
2941	17	128
2942	17	128
2943	16	128
2944	16	128
2945	16	128
2946	15	128
2947	16	128
2948	15	128
2949	15	128
2950	15	128
2951	15	128
2952	14	128
2953	15	128
2954	14	128
2955	14	128
2956	14	128
2957	13	128
2958	13	128
2959	13	128
2960	13	128
2961	13	128
2962	13	128
2963	13	128
2964	13	128
2965	12	128
2966	11	128
2967	10	128
2968	11	128
2969	12	128
2970	13	128
2971	12	128
2972	12	128
2973	12	128
2974	12	128
2975	12	128
2976	12	128
2977	11	128
2978	12	128
2979	11	128
2980	11	128
2981	11	128
2982	11	128
2983	11	128
2984	11	128
2985	11	128
2986	11	128
2987	11	128
2988	11	128
2989	11	128
2990	10	128
2991	11	128
2992	11	128
2993	11	128
2994	10	128
2995	10	128
2996	10	128
2997	11	128
2998	10	128
2999	10	128
3000	10	128
3001	11	128
3002	10	128
3003	10	128
3004	10	128
3005	10	128
3006	10	128
3007	9	128
3008	10	128
3009	10	128
3010	10	128
3011	9	128
3012	10	128
3013	9	128
3014	10	128
3015	9	128
3016	10	128
3017	9	128
3018	9	128
3019	9	128
3020	9	128
3021	9	128
3022	9	128
3023	9	128
3024	9	128
3025	9	128
3026	9	128
3027	9	128
3028	9	128
3029	9	128
3030	9	128
3031	9	128
3032	9	128
3033	9	128
3034	9	128
3035	9	128
3036	9	128
3037	9	128
3038	9	128
3039	9	128
3040	9	128
3041	9	128
3042	10	128
3043	9	128
3044	9	128
3045	9	128
3046	9	128
3047	9	128
3048	10	128
3049	9	128
3050	9	128
3051	9	128
3052	9	128
3053	9	128
3054	9	128
3055	9	128
3056	9	128
3057	9	128
3058	9	128
3059	10	128
3060	9	128
3061	9	128
3062	9	128
3063	9	128
3064	9	128
3065	9	128
3066	9	128
3067	9	128
3068	9	128
3069	9	128
3070	10	128
3071	10	128
3072	9	128
3073	9	128
3074	9	128
3075	9	128
3076	9	128
3077	9	128
3078	9	127
3079	9	128
3080	9	127
3081	9	128
3082	9	127
3083	9	127
3084	9	128
3085	9	127
3086	9	128
3087	9	128
3088	9	128
3089	9	127
3090	9	128
3091	9	128
3092	9	128
3093	9	128
3094	9	128
3095	9	128
3096	9	128
3097	9	128
3098	9	128
3099	9	128
3100	9	128
3101	9	128
3102	9	128
3103	9	128
3104	9	128
3105	9	128
3106	9	128
3107	9	128
3108	9	128
3109	9	128
3110	9	128
3111	9	128
3112	9	128
3113	9	128
3114	9	128
3115	9	128
3116	9	128
3117	9	128
3118	9	128
3119	9	128
3120	9	128
3121	9	128
3122	9	128
3123	9	128
3124	9	128
3125	9	128
3126	9	128
3127	9	128
3128	9	128
3129	9	128
3130	9	128
3131	9	128
3132	9	128
3133	9	128
3134	9	128
3135	9	128
3136	9	128
3137	9	128
3138	9	129
3139	9	128
3140	9	128
3141	9	128
3142	9	128
3143	9	128
3144	9	128
3145	9	128
3146	9	128
3147	9	128
3148	9	128
3149	9	128
3150	9	128
3151	9	128
3152	9	128
3153	9	128
3154	9	129
3155	9	128
3156	9	128
3157	9	128
3158	9	128
3159	9	128
3160	9	128
3161	9	128
3162	9	128
3163	9	128
3164	9	128
3165	9	128
3166	8	128
3167	9	128
3168	10	128
3169	7	128
3170	6	128
3171	9	128
3172	10	128
3173	10	128
3174	10	128
3175	9	128
3176	8	128
3177	10	128
3178	8	128
3179	9	128
3180	9	128
3181	9	128
3182	9	128
3183	9	128
3184	9	129
3185	9	128
3186	9	128
3187	9	128
3188	9	128
3189	9	128
3190	9	128
3191	9	128
3192	9	128
3193	9	128
3194	9	128
3195	9	128
3196	9	128
3197	9	128
3198	9	128
3199	9	128
3200	9	128
3201	9	128
3202	9	128
3203	9	128
3204	9	128
3205	9	128
3206	9	128
3207	9	128
3208	9	128
3209	9	128
3210	9	128
3211	9	128
3212	9	128
3213	9	128
3214	9	128
3215	9	128
3216	9	128
3217	9	128
3218	9	128
3219	9	128
3220	9	128
3221	9	128
3222	9	128
3223	9	128
3224	9	128
3225	9	128
3226	9	128
3227	9	128
3228	9	128
3229	9	128
3230	9	128
3231	9	128
3232	9	128
3233	9	128
3234	9	128
3235	9	128
3236	9	128
3237	9	128
3238	9	128
3239	9	128
3240	8	128
3241	6	128
3242	9	128
3243	10	128
3244	10	128
3245	9	128
3246	9	128
3247	10	128
3248	10	128
3249	9	128
3250	9	128
3251	9	128
3252	8	128
3253	8	128
3254	8	128
3255	8	128
3256	8	128
3257	8	128
3258	9	128
3259	9	128
3260	10	128
3261	10	128
3262	11	128
3263	11	128
3264	10	128
3265	10	128
3266	10	128
3267	10	128
3268	9	128
3269	10	128
3270	9	128
3271	9	128
3272	9	128
3273	10	128
3274	10	128
3275	10	128
3276	10	128
3277	10	128
3278	10	128
3279	10	128
3280	10	128
3281	10	128
3282	10	128
3283	11	128
3284	10	128
3285	10	128
3286	10	128
3287	10	128
3288	11	128
3289	10	128
3290	11	128
3291	10	128
3292	10	128
3293	10	128
3294	11	128
3295	11	128
3296	11	128
3297	11	128
3298	10	128
3299	10	128
3300	10	128
3301	10	128
3302	11	128
3303	10	128
3304	10	129
3305	10	128
3306	11	128
3307	11	128
3308	10	128
3309	10	128
3310	10	128
3311	10	128
3312	10	128
3313	10	128
3314	10	128
3315	10	128
3316	10	129
3317	10	128
3318	10	128
3319	10	128
3320	10	128
3321	10	128
3322	10	128
3323	10	128
3324	10	128
3325	10	128
3326	10	128
3327	10	128
3328	10	128
3329	10	128
3330	9	128
3331	10	128
3332	9	128
3333	9	128
3334	9	128
3335	9	128
3336	10	128
3337	9	128
3338	9	128
3339	9	128
3340	9	128
3341	9	128
3342	9	128
3343	9	128
3344	9	128
3345	9	128
3346	9	128
3347	9	128
3348	9	128
3349	9	128
3350	9	128
3351	9	128
3352	9	128
3353	9	128
3354	9	128
3355	9	128
3356	9	128
3357	9	128
3358	9	128
3359	9	128
3360	9	128
3361	9	128
3362	9	128
3363	9	128
3364	9	128
3365	9	128
3366	9	128
3367	9	128
3368	9	128
3369	9	128
3370	9	128
3371	9	128
3372	9	128
3373	9	128
3374	9	128
3375	9	128
3376	9	128
3377	9	127
3378	9	128
3379	9	128
3380	9	128
3381	9	128
3382	9	128
3383	9	128
3384	9	128
3385	9	128
3386	9	128
3387	9	128
3388	9	128
3389	9	128
3390	9	128
3391	9	128
3392	9	128
3393	9	128
3394	9	128
3395	9	128
3396	9	128
3397	9	128
3398	9	128
3399	9	128
3400	9	128
3401	9	128
3402	9	128
3403	9	128
3404	9	128
3405	9	128
3406	9	128
3407	9	128
3408	9	128
3409	9	128
3410	9	128
3411	9	128
3412	9	128
3413	9	128
3414	9	128
3415	9	128
3416	9	128
3417	10	128
3418	10	128
3419	10	128
3420	10	128
3421	10	128
3422	10	128
3423	10	128
3424	11	128
3425	11	128
3426	12	128
3427	13	128
3428	14	128
3429	15	128
3430	18	128
3431	21	128
3432	26	128
3433	35	128
3434	56	128
3435	137	128
3436	255	128
3437	255	128
3438	255	128
3439	255	128
3440	255	128
3441	255	129
3442	255	129
3443	255	129
3444	255	129
3445	255	130
3446	255	130
3447	255	130
3448	255	130
3449	255	129
3450	255	129
3451	255	129
3452	255	129
3453	255	129
3454	255	129
3455	223	128
3456	218	128
3457	221	128
3458	201	128
3459	162	128
3460	122	128
3461	98	128
3462	90	127
3463	91	127
3464	92	127
3465	88	127
3466	77	127
3467	66	127
3468	57	127
3469	51	127
3470	47	127
3471	45	127
3472	43	127
3473	41	127
3474	39	127
3475	37	127
3476	35	127
3477	33	127
3478	31	127
3479	30	127
3480	29	127
3481	28	127
3482	27	127
3483	26	127
3484	25	127
3485	25	127
3486	24	127
3487	24	127
3488	23	127
3489	23	127
3490	22	127
3491	22	127
3492	22	127
3493	21	127
3494	21	127
3495	21	127
3496	21	128
3497	20	127
3498	20	127
3499	20	128
3500	20	127
3501	20	127
3502	20	128
3503	20	128
3504	19	128
3505	19	128
3506	19	128
3507	19	127
3508	19	127
3509	19	128
3510	19	127
3511	19	128
3512	20	128
3513	20	128
3514	19	128
3515	17	128
3516	20	128
3517	22	128
3518	22	128
3519	22	128
3520	23	128
3521	24	128
3522	25	128
3523	25	128
3524	27	128
3525	29	128
3526	32	128
3527	35	128
3528	41	128
3529	49	128
3530	61	128
3531	75	128
3532	86	128
3533	91	128
3534	92	128
3535	93	128
3536	99	128
3537	110	128
3538	125	128
3539	141	128
3540	154	128
3541	163	128
3542	171	127
3543	183	127
3544	199	128
3545	218	127
3546	236	128
3547	250	128
3548	255	128
3549	255	128
3550	255	128
3551	255	128
3552	255	128
3553	255	128
3554	255	128
3555	255	128
3556	255	128
3557	255	128
3558	255	128
3559	255	128
3560	255	128
3561	255	128
3562	255	128
3563	255	128
3564	255	128
3565	255	128
3566	255	128
3567	255	128
3568	248	128
3569	236	128
3570	226	127
3571	215	128
3572	203	128
3573	192	127
3574	182	127
3575	173	127
3576	165	127
3577	157	127
3578	149	127
3579	141	128
3580	134	127
3581	127	127
3582	121	127
3583	116	127
3584	111	128
3585	106	127
3586	101	127
3587	96	128
3588	93	128
3589	89	127
3590	85	128
3591	82	127
3592	79	128
3593	77	127
3594	74	127
3595	71	127
3596	69	128
3597	67	127
3598	65	127
3599	64	128
3600	62	128
3601	61	128
3602	59	128
3603	58	127
3604	57	127
3605	56	127
3606	55	128
3607	54	127
3608	53	128
3609	52	128
3610	52	128
3611	51	128
3612	51	128
3613	51	128
3614	51	128
3615	50	128
3616	50	128
3617	50	128
3618	50	128
3619	51	128
3620	51	128
3621	51	128
3622	51	128
3623	52	128
3624	52	128
3625	53	128
3626	54	128
3627	55	128
3628	56	128
3629	57	128
3630	58	128
3631	60	128
3632	61	128
3633	63	128
3634	64	128
3635	66	128
3636	68	128
3637	70	128
3638	72	128
3639	75	128
3640	77	128
3641	80	128
3642	83	128
3643	86	128
3644	89	128
3645	93	128
3646	97	128
3647	101	128
3648	105	128
3649	110	128
3650	113	128
3651	118	128
3652	123	128
3653	129	128
3654	135	127
3655	140	128
3656	145	128
3657	151	128
3658	157	128
3659	163	128
3660	169	128
3661	175	128
3662	181	128
3663	187	128
3664	193	128
3665	199	128
3666	204	128
3667	210	128
3668	215	128
3669	219	128
3670	224	128
3671	228	128
3672	231	127
3673	234	128
3674	236	128
3675	238	128
3676	239	128
3677	239	128
3678	240	128
3679	239	128
3680	238	128
3681	236	128
3682	234	128
3683	230	128
3684	228	128
3685	224	128
3686	220	128
3687	215	128
3688	211	128
3689	206	128
3690	201	128
3691	195	128
3692	190	128
3693	184	128
3694	179	128
3695	173	128
3696	167	128
3697	162	128
3698	157	128
3699	152	128
3700	147	128
3701	141	128
3702	136	128
3703	132	128
3704	127	127
3705	123	128
3706	119	128
3707	115	128
3708	111	128
3709	106	128
3710	104	128
3711	100	128
3712	97	128
3713	94	128
3714	90	128
3715	83	128
3716	83	128
3717	80	128
3718	79	128
3719	77	127
3720	77	128
3721	74	127
3722	74	128
3723	71	127
3724	69	128
3725	69	128
3726	67	128
3727	67	128
3728	66	128
3729	64	127
3730	63	128
3731	63	128
3732	61	127
3733	60	128
3734	60	128
3735	60	127
3736	59	128
3737	59	128
3738	58	128
3739	58	128
3740	57	128
3741	57	128
3742	57	128
3743	57	128
3744	58	128
3745	57	128
3746	58	128
3747	58	128
3748	58	128
3749	59	128
3750	60	128
3751	60	128
3752	61	128
3753	62	127
3754	63	128
3755	64	127
3756	65	127
3757	66	128
3758	67	128
3759	69	128
3760	70	128
3761	72	128
3762	74	128
3763	76	128
3764	77	128
3765	79	128
3766	81	128
3767	84	128
3768	87	128
3769	89	128
3770	92	128
3771	95	128
3772	98	128
3773	101	128
3774	104	128
3775	107	128
3776	111	128
3777	115	128
3778	119	127
3779	123	128
3780	127	128
3781	131	128
3782	135	128
3783	139	128
3784	143	128
3785	148	127
3786	152	128
3787	157	127
3788	159	127
3789	164	128
3790	170	128
3791	175	128
3792	178	127
3793	181	128
3794	184	128
3795	188	127
3796	191	128
3797	194	128
3798	197	127
3799	200	128
3800	202	127
3801	203	127
3802	205	128
3803	206	127
3804	207	128
3805	207	128
3806	206	128
3807	205	128
3808	204	128
3809	202	128
3810	200	128
3811	198	128
3812	195	128
3813	190	128
3814	186	128
3815	182	128
3816	177	128
3817	174	128
3818	169	127
3819	165	128
3820	160	128
3821	156	127
3822	152	128
3823	149	128
3824	146	128
3825	142	128
3826	138	128
3827	134	128
3828	131	128
3829	128	128
3830	125	128
3831	123	128
3832	120	128
3833	117	128
3834	114	128
3835	112	128
3836	110	128
3837	107	128
3838	105	128
3839	103	128
3840	101	128
3841	99	128
3842	97	128
3843	95	128
3844	94	128
3845	92	128
3846	91	128
3847	89	128
3848	88	128
3849	87	128
3850	86	128
3851	84	128
3852	84	128
3853	83	128
3854	83	128
3855	82	128
3856	81	128
3857	80	128
3858	79	128
3859	79	128
3860	79	128
3861	78	128
3862	78	128
3863	78	128
3864	77	128
3865	77	128
3866	77	128
3867	77	128
3868	78	128
3869	79	128
3870	79	128
3871	79	128
3872	79	128
3873	80	128
3874	80	128
3875	81	128
3876	81	128
3877	83	128
3878	83	128
3879	84	128
3880	85	128
3881	86	128
3882	87	128
3883	89	128
3884	90	128
3885	91	128
3886	93	128
3887	94	128
3888	95	128
3889	97	128
3890	99	128
3891	101	128
3892	103	128
3893	104	128
3894	106	128
3895	108	128
3896	110	128
3897	112	128
3898	115	128
3899	117	128
3900	119	128
3901	121	128
3902	124	128
3903	126	128
3904	129	128
3905	131	128
3906	133	128
3907	135	128
3908	137	128
3909	140	128
3910	142	128
3911	145	128
3912	146	128
3913	149	128
3914	151	128
3915	152	128
3916	154	128
3917	155	128
3918	157	128
3919	159	128
3920	161	128
3921	161	128
3922	162	128
3923	163	128
3924	164	128
3925	165	128
3926	165	128
3927	165	128
3928	165	128
3929	165	128
3930	165	128
3931	164	128
3932	164	128
3933	163	127
3934	162	128
3935	161	128
3936	160	128
3937	159	128
3938	158	128
3939	156	128
3940	155	127
3941	153	128
3942	151	127
3943	149	128
3944	147	127
3945	146	128
3946	145	128
3947	143	128
3948	141	128
3949	139	128
3950	137	128
3951	135	127
3952	133	128
3953	131	128
3954	129	128
3955	127	127
3956	125	128
3957	123	128
3958	121	128
3959	119	128
3960	118	128
3961	116	128
3962	114	128
3963	113	128
3964	111	128
3965	109	128
3966	108	127
3967	107	128
3968	105	128
3969	105	128
3970	103	128
3971	102	128
3972	101	128
3973	99	128
3974	98	128
3975	97	128
3976	97	128
3977	96	128
3978	95	128
3979	94	128
3980	94	128
3981	93	128
3982	92	128
3983	92	128
3984	92	128
3985	92	128
3986	92	128
3987	91	128
3988	89	128
3989	84	127
3990	88	128
3991	89	127
3992	90	128
3993	89	128
3994	92	128
3995	89	128
3996	92	128
3997	92	128
3998	91	128
3999	94	128
4000	94	128
4001	95	128
4002	96	128
4003	96	128
4004	96	128
4005	98	128
4006	99	128
4007	100	128
4008	101	128
4009	103	128
4010	104	128
4011	105	128
4012	106	128
4013	108	128
4014	109	128
4015	111	128
4016	113	128
4017	115	128
4018	115	128
4019	117	128
4020	119	128
4021	121	128
4022	122	128
4023	124	128
4024	126	128
4025	128	128
4026	130	128
4027	132	128
4028	133	128
4029	135	128
4030	137	128
4031	139	128
4032	141	128
4033	143	128
4034	144	128
4035	146	128
4036	147	128
4037	149	128
4038	151	128
4039	152	128
4040	154	128
4041	154	128
4042	156	128
4043	157	128
4044	158	128
4045	159	128
4046	159	128
4047	160	128
4048	160	128
4049	160	128
4050	161	128
4051	161	128
4052	160	128
4053	160	128
4054	159	128
4055	159	128
4056	159	128
4057	158	128
4058	157	128
4059	156	128
4060	155	128
4061	154	128
4062	152	128
4063	152	128
4064	151	128
4065	151	128
4066	148	128
4067	146	128
4068	144	128
4069	142	128
4070	140	128
4071	139	128
4072	137	128
4073	136	128
4074	134	128
4075	132	128
4076	130	128
4077	129	128
4078	126	128
4079	125	128
4080	124	127
4081	122	128
4082	121	127
4083	119	128
4084	118	128
4085	117	128
4086	115	128
4087	114	128
4088	112	128
4089	111	128
4090	109	128
4091	108	128
4092	107	128
4093	106	128
4094	105	128
4095	104	128
