
TIME STEP:
125 = 20us

VOLTAGE STEP:
CH1:  32 = 50mV
CH2:  32 = 15mV
GND	-2	128
N	CH1	CH2

0	34	128
1	33	128
2	31	128
3	32	128
4	28	128
5	30	128
6	30	128
7	32	128
8	31	128
9	30	128
10	30	128
11	29	128
12	31	128
13	30	128
14	31	128
15	31	128
16	31	128
17	31	128
18	31	128
19	30	128
20	32	128
21	32	128
22	33	128
23	33	128
24	35	128
25	35	128
26	37	128
27	38	128
28	39	128
29	41	128
30	43	128
31	44	128
32	46	128
33	48	128
34	51	127
35	53	128
36	55	128
37	58	128
38	61	128
39	65	128
40	68	128
41	72	128
42	76	128
43	81	128
44	85	128
45	90	128
46	95	128
47	101	128
48	107	127
49	113	128
50	120	128
51	127	128
52	134	128
53	142	128
54	150	127
55	158	128
56	166	128
57	175	128
58	183	128
59	192	128
60	201	128
61	210	128
62	219	128
63	226	128
64	235	128
65	242	128
66	250	128
67	255	128
68	255	128
69	255	128
70	255	128
71	255	128
72	255	128
73	255	128
74	255	128
75	255	128
76	255	128
77	255	128
78	255	128
79	255	128
80	255	128
81	255	128
82	249	128
83	243	128
84	235	128
85	229	128
86	221	128
87	213	128
88	206	128
89	198	128
90	190	128
91	183	128
92	175	128
93	168	128
94	161	128
95	154	127
96	147	128
97	141	127
98	134	128
99	128	128
100	124	127
101	119	128
102	114	128
103	107	127
104	104	128
105	99	128
106	96	128
107	91	128
108	88	128
109	84	127
110	81	128
111	78	128
112	76	127
113	73	128
114	71	128
115	68	128
116	66	128
117	64	128
118	62	128
119	61	128
120	59	127
121	58	128
122	56	128
123	55	128
124	54	128
125	53	127
126	52	128
127	51	128
128	50	128
129	49	128
130	48	128
131	48	128
132	47	128
133	47	128
134	47	128
135	47	128
136	46	128
137	46	128
138	46	128
139	46	128
140	46	128
141	47	128
142	47	128
143	47	128
144	48	128
145	49	128
146	49	128
147	50	128
148	50	128
149	51	128
150	52	128
151	53	128
152	54	128
153	55	128
154	57	128
155	59	128
156	60	128
157	62	128
158	64	128
159	66	128
160	69	128
161	71	128
162	73	128
163	76	128
164	79	128
165	82	128
166	85	128
167	88	128
168	91	128
169	95	128
170	99	128
171	103	128
172	108	128
173	112	128
174	116	128
175	122	128
176	126	128
177	131	128
178	137	128
179	142	128
180	148	129
181	153	128
182	159	128
183	164	128
184	169	128
185	175	128
186	180	128
187	186	128
188	191	129
189	195	128
190	200	128
191	204	128
192	207	128
193	211	128
194	214	128
195	216	128
196	218	128
197	219	128
198	220	128
199	220	128
200	220	128
201	220	128
202	219	128
203	217	128
204	215	128
205	212	128
206	209	128
207	206	128
208	202	128
209	198	128
210	194	128
211	189	128
212	185	128
213	180	128
214	175	128
215	170	128
216	165	128
217	161	128
218	155	128
219	151	128
220	146	128
221	142	128
222	137	128
223	133	128
224	129	128
225	125	128
226	121	128
227	117	127
228	113	128
229	109	128
230	106	128
231	102	128
232	99	128
233	97	128
234	94	128
235	91	128
236	88	128
237	86	128
238	84	128
239	82	128
240	80	128
241	78	128
242	76	127
243	74	128
244	73	127
245	71	128
246	70	127
247	69	127
248	67	128
249	66	128
250	65	127
251	65	128
252	64	127
253	63	128
254	62	127
255	62	128
256	61	128
257	61	128
258	61	128
259	61	128
260	60	127
261	60	128
262	60	127
263	61	128
264	60	128
265	61	128
266	61	128
267	62	128
268	62	128
269	62	128
270	63	128
271	63	128
272	64	128
273	67	128
274	70	128
275	70	128
276	72	128
277	70	128
278	73	128
279	72	128
280	75	128
281	75	128
282	79	128
283	80	128
284	83	128
285	82	128
286	86	128
287	87	128
288	91	129
289	93	128
290	96	128
291	98	128
292	101	128
293	104	128
294	107	128
295	111	128
296	114	128
297	117	128
298	120	128
299	125	128
300	128	128
301	131	128
302	134	127
303	138	128
304	141	128
305	145	128
306	149	128
307	152	128
308	155	128
309	158	129
310	161	128
311	164	128
312	167	128
313	169	128
314	171	128
315	173	128
316	175	128
317	177	128
318	177	128
319	179	128
320	179	128
321	179	128
322	179	128
323	178	128
324	177	128
325	177	128
326	176	128
327	174	128
328	172	128
329	169	128
330	166	128
331	164	128
332	161	128
333	158	128
334	155	128
335	152	128
336	148	128
337	145	128
338	141	128
339	137	128
340	134	128
341	131	128
342	127	128
343	124	128
344	121	128
345	118	128
346	115	128
347	111	128
348	110	128
349	106	128
350	102	128
351	100	128
352	98	128
353	97	128
354	95	128
355	92	128
356	91	128
357	89	128
358	88	128
359	86	128
360	85	128
361	83	128
362	82	128
363	80	128
364	79	128
365	78	128
366	78	128
367	77	128
368	76	128
369	75	128
370	75	128
371	75	128
372	75	128
373	73	128
374	73	128
375	73	128
376	73	128
377	73	128
378	73	128
379	74	128
380	74	128
381	74	128
382	74	128
383	75	128
384	76	128
385	77	128
386	77	128
387	78	128
388	79	128
389	80	128
390	81	128
391	82	128
392	83	128
393	85	128
394	86	128
395	88	128
396	89	128
397	91	128
398	92	128
399	95	128
400	97	128
401	99	128
402	101	128
403	103	128
404	105	128
405	108	128
406	110	128
407	113	128
408	115	128
409	118	128
410	120	128
411	123	128
412	126	128
413	128	128
414	131	128
415	134	127
416	137	128
417	139	128
418	142	128
419	145	128
420	147	128
421	149	128
422	151	128
423	153	128
424	156	128
425	158	128
426	160	128
427	161	128
428	162	128
429	163	128
430	165	128
431	166	128
432	166	128
433	166	129
434	167	128
435	167	128
436	167	128
437	167	128
438	166	128
439	165	129
440	165	128
441	163	129
442	162	128
443	161	128
444	159	128
445	157	128
446	155	128
447	154	128
448	152	128
449	149	128
450	147	128
451	145	128
452	143	128
453	141	128
454	138	128
455	136	128
456	133	128
457	131	128
458	129	128
459	127	128
460	124	128
461	122	128
462	119	128
463	117	128
464	115	128
465	113	128
466	111	128
467	109	128
468	107	128
469	105	128
470	103	128
471	102	128
472	100	128
473	99	128
474	97	128
475	96	128
476	94	128
477	93	128
478	91	128
479	90	128
480	89	128
481	89	128
482	87	128
483	87	128
484	85	128
485	85	127
486	85	128
487	84	128
488	84	127
489	83	128
490	83	127
491	82	128
492	82	127
493	81	128
494	81	128
495	81	128
496	81	128
497	82	127
498	82	128
499	82	128
500	82	128
501	82	128
502	83	128
503	83	128
504	84	128
505	85	128
506	86	128
507	86	128
508	87	128
509	88	127
510	89	127
511	90	128
512	91	128
513	93	128
514	94	127
515	95	127
516	96	127
517	97	127
518	99	127
519	101	128
520	102	127
521	104	128
522	106	128
523	108	127
524	109	128
525	111	128
526	113	127
527	115	127
528	117	127
529	119	127
530	121	128
531	123	128
532	125	128
533	127	128
534	129	127
535	131	128
536	133	127
537	135	127
538	136	128
539	138	128
540	140	128
541	141	128
542	143	128
543	145	128
544	147	128
545	147	128
546	146	128
547	143	127
548	149	128
549	150	128
550	153	128
551	151	128
552	153	128
553	152	127
554	153	128
555	153	128
556	153	127
557	153	128
558	153	127
559	152	128
560	151	128
561	150	128
562	149	128
563	148	128
564	147	128
565	146	128
566	145	128
567	144	128
568	142	128
569	141	128
570	138	128
571	137	128
572	135	128
573	134	128
574	132	128
575	130	128
576	128	127
577	127	128
578	125	128
579	123	128
580	121	127
581	119	127
582	118	127
583	116	128
584	114	128
585	113	128
586	112	128
587	110	128
588	109	128
589	107	128
590	105	128
591	104	128
592	103	128
593	101	128
594	100	127
595	99	128
596	98	128
597	97	128
598	96	128
599	95	128
600	94	128
601	94	127
602	93	128
603	92	128
604	91	127
605	91	128
606	90	128
607	90	128
608	90	128
609	89	128
610	89	128
611	89	128
612	89	128
613	89	128
614	89	128
615	88	128
616	88	128
617	88	128
618	89	128
619	89	128
620	90	128
621	91	128
622	93	128
623	92	128
624	91	128
625	91	128
626	91	127
627	93	128
628	94	128
629	95	128
630	95	128
631	96	128
632	97	128
633	98	128
634	99	128
635	101	128
636	102	128
637	103	128
638	104	128
639	106	128
640	107	128
641	108	127
642	109	128
643	110	128
644	111	128
645	115	128
646	116	128
647	117	128
648	117	128
649	119	128
650	121	128
651	123	128
652	124	128
653	126	128
654	127	128
655	129	128
656	130	128
657	132	128
658	133	128
659	135	128
660	136	128
661	137	128
662	138	128
663	139	128
664	140	128
665	142	128
666	143	128
667	143	128
668	144	128
669	144	128
670	145	127
671	146	128
672	146	128
673	147	128
674	147	128
675	147	128
676	147	128
677	147	128
678	147	128
679	147	128
680	146	128
681	146	128
682	145	128
683	145	128
684	145	128
685	144	128
686	143	128
687	142	128
688	141	128
689	140	128
690	140	128
691	139	128
692	137	128
693	136	128
694	135	128
695	134	128
696	132	128
697	131	128
698	130	128
699	129	128
700	128	128
701	126	128
702	125	128
703	124	128
704	123	128
705	121	128
706	120	128
707	119	128
708	118	128
709	117	128
710	115	128
711	115	128
712	114	128
713	113	128
714	111	128
715	111	128
716	110	128
717	109	128
718	108	128
719	108	128
720	107	128
721	107	128
722	106	128
723	105	128
724	105	128
725	104	129
726	104	128
727	103	128
728	103	128
729	103	128
730	103	128
731	102	128
732	102	128
733	102	128
734	102	128
735	102	128
736	102	128
737	102	129
738	103	128
739	103	128
740	104	128
741	104	128
742	104	128
743	104	128
744	105	128
745	105	128
746	105	128
747	106	129
748	107	128
749	107	129
750	108	128
751	109	128
752	109	128
753	110	128
754	111	128
755	111	128
756	113	128
757	113	128
758	114	128
759	114	128
760	115	128
761	116	128
762	117	128
763	118	128
764	119	128
765	120	128
766	120	128
767	121	128
768	122	128
769	122	128
770	123	128
771	123	128
772	124	128
773	125	128
774	126	127
775	126	128
776	127	128
777	128	128
778	128	128
779	129	128
780	129	128
781	129	128
782	130	128
783	130	128
784	130	128
785	130	128
786	129	128
787	129	128
788	130	128
789	130	128
790	130	128
791	129	128
792	128	128
793	128	128
794	127	128
795	127	128
796	127	128
797	126	128
798	125	128
799	124	128
800	123	128
801	122	128
802	121	128
803	121	128
804	120	128
805	119	128
806	118	128
807	117	128
808	116	128
809	115	128
810	114	128
811	113	128
812	112	128
813	112	128
814	110	128
815	109	128
816	109	128
817	108	128
818	109	128
819	112	128
820	110	128
821	106	128
822	104	128
823	105	128
824	104	128
825	105	128
826	103	128
827	104	128
828	103	128
829	104	128
830	102	128
831	105	128
832	103	128
833	104	128
834	104	128
835	103	128
836	103	128
837	104	128
838	105	128
839	105	128
840	105	128
841	106	128
842	106	128
843	106	128
844	107	128
845	108	128
846	109	128
847	109	128
848	110	128
849	110	128
850	111	128
851	112	128
852	113	128
853	114	128
854	115	128
855	116	128
856	117	128
857	118	128
858	119	128
859	120	128
860	121	128
861	121	128
862	122	128
863	123	128
864	125	128
865	126	128
866	127	128
867	128	128
868	129	128
869	130	128
870	130	128
871	131	128
872	133	128
873	134	128
874	135	128
875	135	128
876	136	128
877	137	128
878	138	128
879	139	128
880	140	129
881	140	128
882	141	128
883	141	128
884	142	128
885	142	128
886	143	128
887	144	128
888	144	128
889	145	128
890	145	128
891	145	128
892	145	128
893	145	128
894	143	128
895	143	128
896	145	128
897	146	128
898	145	128
899	145	128
900	145	128
901	145	128
902	144	128
903	143	128
904	142	128
905	142	128
906	142	128
907	141	128
908	140	128
909	139	128
910	138	128
911	138	128
912	137	128
913	136	128
914	134	128
915	133	128
916	133	128
917	132	128
918	130	128
919	129	127
920	128	128
921	127	127
922	126	128
923	125	128
924	124	128
925	123	127
926	122	128
927	120	128
928	119	128
929	118	128
930	117	128
931	116	128
932	115	128
933	114	128
934	113	128
935	112	128
936	111	128
937	110	128
938	109	128
939	108	128
940	108	128
941	107	128
942	106	128
943	105	128
944	105	128
945	104	128
946	103	128
947	102	128
948	102	128
949	101	128
950	101	128
951	101	128
952	100	128
953	100	128
954	99	128
955	99	128
956	98	128
957	98	128
958	98	127
959	98	128
960	97	128
961	97	128
962	97	128
963	97	128
964	97	128
965	97	128
966	97	127
967	97	128
968	97	128
969	97	128
970	97	128
971	97	127
972	97	128
973	98	128
974	98	128
975	99	128
976	99	128
977	99	128
978	99	128
979	100	127
980	100	128
981	101	128
982	101	127
983	101	128
984	102	128
985	102	128
986	103	128
987	103	128
988	104	128
989	105	128
990	105	128
991	106	128
992	106	128
993	106	128
994	107	128
995	108	127
996	108	128
997	109	128
998	110	128
999	111	127
1000	111	128
1001	111	128
1002	111	127
1003	112	128
1004	113	128
1005	113	127
1006	114	128
1007	115	128
1008	115	128
1009	116	128
1010	116	128
1011	116	128
1012	117	128
1013	117	128
1014	118	128
1015	118	128
1016	118	128
1017	119	128
1018	119	128
1019	119	128
1020	119	128
1021	120	128
1022	120	128
1023	116	127
1024	111	128
1025	120	129
1026	128	129
1027	118	127
1028	115	128
1029	123	128
1030	123	128
1031	116	128
1032	119	128
1033	125	128
1034	121	128
1035	118	128
1036	120	128
1037	120	128
1038	115	128
1039	115	128
1040	119	128
1041	117	128
1042	114	128
1043	115	128
1044	115	128
1045	112	128
1046	112	128
1047	114	128
1048	113	128
1049	110	129
1050	110	128
1051	110	128
1052	108	128
1053	107	129
1054	107	128
1055	105	128
1056	102	129
1057	101	129
1058	100	129
1059	98	128
1060	96	128
1061	95	128
1062	93	128
1063	92	128
1064	91	128
1065	89	129
1066	87	129
1067	84	128
1068	82	128
1069	81	128
1070	79	128
1071	77	128
1072	75	128
1073	73	128
1074	71	128
1075	69	128
1076	67	128
1077	65	128
1078	63	128
1079	61	128
1080	59	128
1081	57	128
1082	55	128
1083	54	128
1084	52	128
1085	50	128
1086	48	128
1087	46	128
1088	45	128
1089	43	128
1090	41	128
1091	37	128
1092	32	128
1093	37	128
1094	34	128
1095	35	128
1096	31	128
1097	31	128
1098	28	128
1099	29	128
1100	27	128
1101	26	128
1102	26	128
1103	26	128
1104	24	128
1105	23	128
1106	22	128
1107	22	127
1108	21	128
1109	20	128
1110	20	128
1111	19	128
1112	19	128
1113	18	127
1114	18	127
1115	17	128
1116	17	128
1117	16	128
1118	15	128
1119	14	128
1120	15	128
1121	14	128
1122	14	128
1123	14	128
1124	14	128
1125	13	128
1126	13	128
1127	13	128
1128	13	128
1129	12	128
1130	12	128
1131	11	128
1132	11	128
1133	11	128
1134	11	128
1135	11	128
1136	11	128
1137	11	128
1138	10	128
1139	10	128
1140	10	128
1141	10	129
1142	10	128
1143	10	128
1144	9	128
1145	9	129
1146	9	129
1147	9	128
1148	9	128
1149	9	128
1150	9	128
1151	9	128
1152	9	128
1153	9	128
1154	9	128
1155	8	128
1156	9	128
1157	8	128
1158	8	128
1159	8	128
1160	8	128
1161	8	128
1162	8	128
1163	8	128
1164	8	128
1165	9	128
1166	9	128
1167	9	128
1168	7	128
1169	7	128
1170	7	128
1171	7	128
1172	7	128
1173	7	128
1174	7	128
1175	7	128
1176	7	128
1177	7	128
1178	7	128
1179	7	128
1180	7	128
1181	7	128
1182	7	128
1183	7	127
1184	7	128
1185	7	128
1186	6	128
1187	7	128
1188	7	128
1189	5	128
1190	7	128
1191	7	128
1192	8	128
1193	6	128
1194	6	128
1195	6	128
1196	6	128
1197	6	128
1198	6	128
1199	6	128
1200	6	128
1201	6	128
1202	7	128
1203	6	128
1204	6	128
1205	5	128
1206	5	128
1207	5	128
1208	6	128
1209	6	128
1210	6	128
1211	6	128
1212	6	128
1213	5	128
1214	6	128
1215	6	128
1216	5	128
1217	6	128
1218	6	128
1219	6	128
1220	6	128
1221	6	128
1222	6	128
1223	6	128
1224	6	128
1225	6	129
1226	6	128
1227	6	128
1228	6	128
1229	6	128
1230	6	128
1231	6	128
1232	6	128
1233	6	128
1234	6	128
1235	6	128
1236	6	128
1237	6	128
1238	6	128
1239	6	128
1240	6	128
1241	6	128
1242	6	128
1243	6	128
1244	6	128
1245	6	129
1246	6	128
1247	6	128
1248	6	128
1249	6	128
1250	6	128
1251	6	128
1252	6	128
1253	6	128
1254	6	128
1255	5	128
1256	6	128
1257	6	128
1258	6	128
1259	6	128
1260	5	129
1261	6	128
1262	6	128
1263	6	128
1264	6	128
1265	6	128
1266	6	128
1267	6	128
1268	6	128
1269	6	128
1270	6	129
1271	6	128
1272	5	128
1273	6	128
1274	5	128
1275	6	128
1276	6	128
1277	6	128
1278	6	128
1279	6	128
1280	6	128
1281	6	128
1282	6	128
1283	6	129
1284	6	128
1285	6	128
1286	6	128
1287	6	128
1288	6	128
1289	6	128
1290	5	128
1291	5	128
1292	6	128
1293	5	128
1294	5	128
1295	5	128
1296	5	128
1297	6	128
1298	6	128
1299	6	128
1300	5	128
1301	5	128
1302	6	129
1303	5	128
1304	6	128
1305	5	128
1306	6	128
1307	6	128
1308	5	128
1309	6	128
1310	6	128
1311	6	128
1312	5	128
1313	6	128
1314	6	128
1315	5	128
1316	5	128
1317	6	128
1318	6	128
1319	6	128
1320	6	128
1321	6	128
1322	6	128
1323	6	128
1324	6	128
1325	6	128
1326	5	128
1327	6	128
1328	6	128
1329	6	128
1330	6	128
1331	6	128
1332	6	128
1333	6	128
1334	6	128
1335	6	128
1336	6	128
1337	6	128
1338	6	128
1339	6	128
1340	6	128
1341	6	128
1342	6	128
1343	6	128
1344	6	128
1345	6	128
1346	6	128
1347	6	128
1348	6	128
1349	6	128
1350	6	128
1351	6	128
1352	6	128
1353	6	128
1354	6	128
1355	5	128
1356	5	128
1357	6	128
1358	6	128
1359	6	128
1360	6	128
1361	6	128
1362	5	128
1363	6	129
1364	10	128
1365	10	128
1366	3	128
1367	2	128
1368	5	128
1369	6	128
1370	8	128
1371	6	128
1372	6	128
1373	5	128
1374	7	128
1375	5	128
1376	7	128
1377	5	128
1378	6	128
1379	5	128
1380	6	128
1381	5	128
1382	6	128
1383	5	128
1384	5	128
1385	6	128
1386	5	128
1387	6	128
1388	5	128
1389	6	128
1390	5	128
1391	6	128
1392	5	128
1393	6	128
1394	5	128
1395	6	128
1396	5	128
1397	5	128
1398	5	128
1399	6	128
1400	5	128
1401	6	128
1402	6	128
1403	6	128
1404	5	128
1405	6	128
1406	6	128
1407	6	128
1408	6	128
1409	6	128
1410	5	128
1411	6	128
1412	6	128
1413	5	128
1414	6	128
1415	6	128
1416	6	127
1417	6	128
1418	6	128
1419	6	128
1420	6	128
1421	6	128
1422	6	128
1423	6	128
1424	6	128
1425	6	128
1426	6	128
1427	6	128
1428	5	128
1429	6	128
1430	6	128
1431	6	128
1432	6	128
1433	7	128
1434	6	128
1435	6	128
1436	5	128
1437	5	128
1438	3	128
1439	2	128
1440	5	128
1441	6	128
1442	6	128
1443	6	128
1444	6	128
1445	7	128
1446	6	128
1447	6	128
1448	7	128
1449	7	128
1450	6	128
1451	6	128
1452	7	128
1453	6	128
1454	7	128
1455	6	128
1456	7	128
1457	6	128
1458	6	128
1459	6	128
1460	6	128
1461	6	128
1462	7	128
1463	6	128
1464	6	128
1465	7	128
1466	7	128
1467	7	128
1468	7	128
1469	7	128
1470	7	128
1471	7	128
1472	7	128
1473	7	128
1474	7	128
1475	7	128
1476	7	128
1477	8	128
1478	7	128
1479	7	128
1480	8	128
1481	8	128
1482	7	128
1483	7	128
1484	7	128
1485	7	128
1486	7	128
1487	8	128
1488	7	128
1489	8	128
1490	7	128
1491	7	128
1492	7	128
1493	7	128
1494	7	128
1495	7	128
1496	7	128
1497	7	128
1498	7	128
1499	7	128
1500	7	128
1501	7	128
1502	7	128
1503	7	128
1504	7	128
1505	7	128
1506	7	128
1507	7	128
1508	7	128
1509	7	128
1510	7	128
1511	7	128
1512	7	128
1513	6	128
1514	6	128
1515	7	128
1516	6	128
1517	6	128
1518	7	128
1519	6	128
1520	6	128
1521	6	128
1522	6	128
1523	6	128
1524	6	128
1525	6	128
1526	6	128
1527	6	128
1528	6	128
1529	6	128
1530	6	128
1531	6	128
1532	6	128
1533	6	128
1534	6	128
1535	6	128
1536	6	128
1537	6	128
1538	5	128
1539	6	128
1540	5	128
1541	6	128
1542	5	128
1543	6	128
1544	6	128
1545	6	128
1546	6	128
1547	6	128
1548	5	128
1549	6	128
1550	6	128
1551	5	128
1552	5	128
1553	6	128
1554	5	128
1555	5	128
1556	5	128
1557	5	128
1558	5	128
1559	5	128
1560	6	128
1561	5	128
1562	6	128
1563	6	128
1564	5	128
1565	6	128
1566	5	128
1567	5	128
1568	5	128
1569	6	128
1570	5	128
1571	5	128
1572	5	128
1573	5	128
1574	5	128
1575	6	128
1576	6	128
1577	5	128
1578	6	128
1579	6	128
1580	5	128
1581	6	128
1582	6	128
1583	6	128
1584	6	128
1585	5	128
1586	5	128
1587	5	128
1588	6	128
1589	6	128
1590	5	128
1591	6	128
1592	6	128
1593	6	128
1594	6	128
1595	6	128
1596	6	128
1597	6	128
1598	6	128
1599	6	128
1600	7	128
1601	7	128
1602	7	128
1603	8	128
1604	8	128
1605	9	128
1606	11	128
1607	12	128
1608	14	128
1609	17	127
1610	22	128
1611	31	128
1612	51	128
1613	129	128
1614	255	128
1615	255	128
1616	255	128
1617	255	128
1618	255	128
1619	255	128
1620	255	129
1621	255	129
1622	255	130
1623	255	130
1624	255	130
1625	255	130
1626	255	130
1627	255	130
1628	255	130
1629	255	130
1630	255	129
1631	255	130
1632	255	129
1633	255	129
1634	232	129
1635	222	129
1636	211	128
1637	180	127
1638	148	128
1639	113	128
1640	95	128
1641	83	127
1642	83	127
1643	79	127
1644	75	127
1645	64	127
1646	55	127
1647	46	127
1648	42	127
1649	37	127
1650	36	127
1651	33	127
1652	31	127
1653	29	127
1654	27	127
1655	26	127
1656	24	127
1657	23	127
1658	21	127
1659	21	127
1660	19	127
1661	19	127
1662	19	127
1663	19	127
1664	17	127
1665	17	127
1666	16	127
1667	16	127
1668	15	127
1669	15	127
1670	15	127
1671	14	127
1672	14	127
1673	14	127
1674	13	127
1675	13	128
1676	12	128
1677	13	127
1678	12	127
1679	12	127
1680	12	128
1681	11	128
1682	11	127
1683	11	128
1684	11	128
1685	11	128
1686	11	128
1687	10	128
1688	11	128
1689	10	128
1690	10	128
1691	10	128
1692	10	128
1693	10	128
1694	10	129
1695	10	129
1696	9	128
1697	9	128
1698	9	128
1699	9	128
1700	9	129
1701	9	128
1702	9	128
1703	9	128
1704	9	129
1705	9	129
1706	9	129
1707	9	128
1708	9	128
1709	9	128
1710	10	128
1711	11	129
1712	8	129
1713	7	128
1714	7	128
1715	8	128
1716	9	128
1717	9	128
1718	9	128
1719	9	128
1720	10	128
1721	9	129
1722	10	128
1723	10	128
1724	10	129
1725	10	129
1726	11	128
1727	11	129
1728	11	128
1729	12	128
1730	13	128
1731	13	128
1732	15	128
1733	17	129
1734	18	128
1735	21	128
1736	25	128
1737	33	128
1738	49	128
1739	97	128
1740	170	128
1741	217	128
1742	212	128
1743	182	128
1744	168	128
1745	197	128
1746	255	127
1747	255	128
1748	255	128
1749	255	128
1750	255	128
1751	255	128
1752	255	128
1753	255	128
1754	255	128
1755	255	129
1756	255	128
1757	255	128
1758	255	128
1759	255	128
1760	255	128
1761	255	128
1762	255	128
1763	255	128
1764	255	128
1765	255	128
1766	255	128
1767	255	128
1768	255	128
1769	238	128
1770	223	128
1771	212	128
1772	200	128
1773	185	128
1774	167	128
1775	151	128
1776	141	128
1777	133	128
1778	127	128
1779	119	128
1780	111	128
1781	102	128
1782	94	128
1783	88	128
1784	84	128
1785	81	128
1786	76	128
1787	72	128
1788	68	128
1789	64	128
1790	61	128
1791	58	128
1792	56	128
1793	54	128
1794	51	129
1795	49	129
1796	47	129
1797	46	128
1798	44	128
1799	43	128
1800	41	128
1801	40	128
1802	39	128
1803	38	128
1804	37	129
1805	37	128
1806	36	129
1807	35	128
1808	35	128
1809	34	128
1810	34	128
1811	33	128
1812	33	128
1813	33	128
1814	33	128
1815	33	128
1816	33	128
1817	33	128
1818	33	128
1819	33	128
1820	33	128
1821	33	128
1822	33	128
1823	34	128
1824	35	128
1825	35	128
1826	36	128
1827	37	128
1828	38	128
1829	39	128
1830	40	128
1831	41	128
1832	43	128
1833	45	129
1834	46	129
1835	48	128
1836	50	128
1837	52	128
1838	55	128
1839	57	128
1840	61	128
1841	63	128
1842	67	128
1843	70	128
1844	74	128
1845	78	128
1846	81	128
1847	87	128
1848	92	128
1849	97	128
1850	102	128
1851	108	128
1852	114	128
1853	120	128
1854	127	128
1855	134	128
1856	141	128
1857	149	128
1858	156	128
1859	163	128
1860	172	128
1861	180	128
1862	188	128
1863	197	128
1864	205	128
1865	213	128
1866	220	128
1867	227	128
1868	234	128
1869	240	128
1870	245	128
1871	250	128
1872	254	128
1873	255	128
1874	255	128
1875	255	128
1876	255	128
1877	255	128
1878	255	128
1879	255	129
1880	252	128
1881	248	128
1882	243	128
1883	238	128
1884	232	128
1885	225	128
1886	218	128
1887	211	128
1888	204	128
1889	197	128
1890	190	128
1891	183	128
1892	175	128
1893	168	128
1894	161	128
1895	155	128
1896	148	128
1897	143	128
1898	137	128
1899	131	128
1900	125	128
1901	120	128
1902	115	128
1903	110	128
1904	106	128
1905	102	128
1906	98	128
1907	94	128
1908	90	128
1909	87	128
1910	84	128
1911	76	128
1912	75	128
1913	74	128
1914	74	128
1915	72	128
1916	69	128
1917	67	128
1918	63	128
1919	63	128
1920	61	128
1921	60	128
1922	59	128
1923	58	128
1924	57	128
1925	56	128
1926	54	128
1927	54	128
1928	53	128
1929	52	128
1930	51	128
1931	51	128
1932	51	128
1933	50	128
1934	50	128
1935	50	128
1936	50	128
1937	50	128
1938	50	128
1939	50	128
1940	51	128
1941	51	128
1942	51	128
1943	51	128
1944	52	128
1945	53	128
1946	54	128
1947	54	128
1948	55	128
1949	57	128
1950	58	128
1951	59	128
1952	61	128
1953	62	128
1954	64	128
1955	66	128
1956	67	128
1957	69	128
1958	71	128
1959	74	128
1960	77	128
1961	79	128
1962	82	128
1963	85	128
1964	88	128
1965	91	128
1966	95	128
1967	99	128
1968	103	128
1969	107	128
1970	111	128
1971	115	128
1972	120	128
1973	124	128
1974	129	128
1975	133	128
1976	139	128
1977	145	128
1978	150	127
1979	154	128
1980	159	128
1981	164	128
1982	169	128
1983	174	128
1984	181	128
1985	185	128
1986	189	128
1987	191	128
1988	194	128
1989	197	128
1990	200	128
1991	202	128
1992	204	128
1993	205	128
1994	205	128
1995	206	128
1996	205	128
1997	204	128
1998	203	128
1999	201	128
2000	199	128
2001	196	128
2002	193	128
2003	190	128
2004	186	128
2005	182	128
2006	177	128
2007	174	128
2008	169	128
2009	165	128
2010	161	128
2011	157	128
2012	152	128
2013	148	128
2014	143	128
2015	139	128
2016	134	128
2017	131	128
2018	127	128
2019	124	128
2020	120	128
2021	117	128
2022	113	127
2023	110	128
2024	106	128
2025	104	128
2026	101	128
2027	98	128
2028	95	128
2029	93	128
2030	91	128
2031	89	128
2032	87	128
2033	85	128
2034	83	128
2035	81	128
2036	80	128
2037	79	128
2038	77	128
2039	76	128
2040	75	128
2041	74	128
2042	73	128
2043	72	128
2044	71	128
2045	71	128
2046	70	128
2047	70	128
2048	69	128
2049	69	128
2050	69	128
2051	69	128
2052	69	128
2053	68	127
2054	69	127
2055	69	128
2056	69	127
2057	70	127
2058	70	128
2059	71	128
2060	71	128
2061	73	128
2062	73	128
2063	74	128
2064	75	128
2065	76	127
2066	77	128
2067	79	127
2068	80	127
2069	82	127
2070	84	127
2071	85	127
2072	87	128
2073	89	128
2074	91	128
2075	93	127
2076	96	127
2077	98	128
2078	100	128
2079	102	128
2080	105	128
2081	108	128
2082	111	128
2083	114	127
2084	117	128
2085	120	128
2086	122	127
2087	125	128
2088	128	128
2089	131	127
2090	134	127
2091	137	128
2092	140	128
2093	143	128
2094	145	128
2095	147	128
2096	150	128
2097	153	128
2098	155	128
2099	157	128
2100	159	127
2101	160	128
2102	161	128
2103	163	128
2104	164	128
2105	164	128
2106	165	128
2107	165	128
2108	166	128
2109	166	128
2110	165	128
2111	165	128
2112	165	128
2113	164	128
2114	163	128
2115	162	128
2116	161	128
2117	159	128
2118	157	128
2119	156	128
2120	154	128
2121	152	128
2122	150	128
2123	149	128
2124	147	128
2125	145	128
2126	142	128
2127	140	128
2128	138	127
2129	136	128
2130	134	128
2131	132	128
2132	129	128
2133	127	128
2134	125	128
2135	123	128
2136	121	128
2137	120	128
2138	118	128
2139	116	128
2140	114	128
2141	113	128
2142	111	128
2143	109	128
2144	108	128
2145	107	128
2146	105	128
2147	103	128
2148	102	128
2149	101	128
2150	101	128
2151	100	128
2152	99	128
2153	98	128
2154	97	128
2155	97	128
2156	96	128
2157	96	128
2158	96	128
2159	95	128
2160	95	128
2161	95	128
2162	94	128
2163	95	128
2164	95	128
2165	95	128
2166	95	128
2167	95	128
2168	96	128
2169	96	128
2170	97	128
2171	97	128
2172	98	128
2173	99	128
2174	100	128
2175	101	128
2176	102	128
2177	102	128
2178	103	128
2179	104	128
2180	107	128
2181	110	128
2182	110	128
2183	113	128
2184	112	128
2185	114	128
2186	113	128
2187	116	128
2188	116	128
2189	120	128
2190	120	128
2191	123	128
2192	123	127
2193	126	127
2194	127	127
2195	130	128
2196	131	128
2197	132	127
2198	134	128
2199	136	128
2200	138	128
2201	140	128
2202	142	128
2203	143	128
2204	145	128
2205	146	128
2206	148	127
2207	150	128
2208	151	128
2209	151	128
2210	153	128
2211	153	128
2212	155	128
2213	156	128
2214	157	128
2215	157	128
2216	157	128
2217	157	128
2218	157	128
2219	157	128
2220	157	128
2221	157	128
2222	155	128
2223	155	128
2224	154	128
2225	153	128
2226	152	128
2227	151	128
2228	148	128
2229	147	128
2230	145	128
2231	143	128
2232	141	128
2233	139	128
2234	137	128
2235	135	128
2236	132	128
2237	130	128
2238	128	128
2239	127	128
2240	124	128
2241	122	128
2242	120	128
2243	118	128
2244	116	128
2245	114	128
2246	113	128
2247	111	128
2248	110	128
2249	108	128
2250	107	128
2251	105	128
2252	104	128
2253	103	128
2254	101	128
2255	100	128
2256	98	128
2257	97	128
2258	98	128
2259	98	128
2260	98	128
2261	97	128
2262	96	128
2263	96	128
2264	95	128
2265	95	128
2266	94	128
2267	94	128
2268	94	128
2269	95	128
2270	94	128
2271	94	128
2272	94	128
2273	95	128
2274	95	128
2275	96	128
2276	96	128
2277	97	128
2278	98	128
2279	98	128
2280	98	128
2281	98	128
2282	99	128
2283	100	128
2284	102	128
2285	102	128
2286	103	128
2287	104	128
2288	105	128
2289	106	128
2290	108	128
2291	109	128
2292	111	128
2293	111	128
2294	113	128
2295	114	128
2296	116	128
2297	117	128
2298	119	128
2299	119	128
2300	121	128
2301	123	128
2302	124	128
2303	125	128
2304	128	128
2305	129	128
2306	131	128
2307	132	128
2308	133	128
2309	135	128
2310	136	128
2311	138	128
2312	139	128
2313	140	128
2314	141	128
2315	143	128
2316	144	128
2317	145	128
2318	146	128
2319	147	128
2320	148	128
2321	148	128
2322	149	128
2323	150	128
2324	151	128
2325	151	128
2326	151	128
2327	151	128
2328	151	128
2329	151	128
2330	151	128
2331	151	128
2332	151	128
2333	151	128
2334	150	128
2335	149	128
2336	148	128
2337	148	128
2338	147	128
2339	146	128
2340	145	128
2341	144	128
2342	143	128
2343	142	128
2344	141	128
2345	140	128
2346	139	128
2347	137	128
2348	135	128
2349	134	128
2350	133	128
2351	132	128
2352	131	128
2353	129	128
2354	127	128
2355	125	128
2356	123	128
2357	122	128
2358	121	128
2359	120	128
2360	119	128
2361	117	128
2362	116	128
2363	115	128
2364	113	128
2365	113	128
2366	112	128
2367	111	128
2368	109	128
2369	108	128
2370	107	128
2371	106	128
2372	105	128
2373	104	128
2374	104	128
2375	103	128
2376	102	128
2377	101	128
2378	101	128
2379	100	128
2380	99	128
2381	99	128
2382	99	128
2383	98	128
2384	98	128
2385	97	128
2386	97	128
2387	97	128
2388	97	128
2389	98	128
2390	97	128
2391	97	128
2392	97	128
2393	97	128
2394	98	127
2395	98	128
2396	98	128
2397	99	128
2398	99	128
2399	99	128
2400	99	128
2401	100	128
2402	101	128
2403	102	128
2404	102	128
2405	103	128
2406	103	128
2407	104	128
2408	105	128
2409	106	128
2410	107	128
2411	107	128
2412	109	128
2413	109	128
2414	110	128
2415	111	128
2416	113	128
2417	114	128
2418	115	128
2419	116	128
2420	117	128
2421	118	128
2422	120	128
2423	121	128
2424	122	128
2425	123	128
2426	125	128
2427	125	128
2428	126	128
2429	128	128
2430	129	128
2431	131	128
2432	131	128
2433	132	128
2434	133	128
2435	134	128
2436	135	128
2437	136	128
2438	137	128
2439	138	128
2440	138	128
2441	139	128
2442	140	128
2443	140	128
2444	140	128
2445	141	128
2446	141	128
2447	141	128
2448	141	128
2449	141	128
2450	141	128
2451	141	128
2452	141	128
2453	139	128
2454	134	128
2455	137	128
2456	136	128
2457	138	128
2458	136	128
2459	137	128
2460	135	128
2461	134	128
2462	133	128
2463	131	128
2464	132	128
2465	130	128
2466	129	128
2467	128	128
2468	127	128
2469	125	127
2470	125	128
2471	123	128
2472	122	128
2473	121	128
2474	121	128
2475	119	128
2476	118	128
2477	116	128
2478	116	128
2479	115	128
2480	114	128
2481	113	128
2482	112	128
2483	111	128
2484	111	128
2485	109	128
2486	109	128
2487	108	128
2488	108	128
2489	107	128
2490	106	128
2491	105	128
2492	105	128
2493	104	128
2494	104	128
2495	104	128
2496	103	128
2497	103	128
2498	102	128
2499	102	128
2500	102	128
2501	102	128
2502	102	128
2503	102	128
2504	101	128
2505	101	128
2506	101	128
2507	101	128
2508	101	128
2509	102	128
2510	101	128
2511	102	128
2512	102	128
2513	102	128
2514	102	128
2515	102	128
2516	103	128
2517	103	128
2518	103	128
2519	103	127
2520	103	128
2521	104	128
2522	104	128
2523	104	128
2524	104	127
2525	105	128
2526	105	128
2527	106	128
2528	107	128
2529	108	128
2530	105	128
2531	105	128
2532	105	128
2533	106	128
2534	107	128
2535	107	128
2536	107	128
2537	107	128
2538	107	128
2539	108	128
2540	109	128
2541	109	128
2542	110	128
2543	110	128
2544	111	128
2545	111	128
2546	112	128
2547	113	128
2548	114	127
2549	115	127
2550	116	127
2551	115	128
2552	117	128
2553	118	127
2554	120	128
2555	120	128
2556	121	128
2557	121	128
2558	123	128
2559	123	128
2560	125	128
2561	126	128
2562	128	128
2563	129	128
2564	129	128
2565	130	128
2566	131	128
2567	132	128
2568	133	128
2569	134	128
2570	135	128
2571	135	128
2572	136	128
2573	137	128
2574	137	128
2575	138	128
2576	139	128
2577	139	128
2578	139	128
2579	140	128
2580	141	128
2581	141	128
2582	141	128
2583	141	128
2584	141	128
2585	141	128
2586	141	128
2587	141	128
2588	141	128
2589	141	128
2590	140	128
2591	140	128
2592	140	128
2593	139	128
2594	139	128
2595	138	128
2596	137	128
2597	137	128
2598	136	128
2599	135	128
2600	135	128
2601	134	128
2602	133	128
2603	133	128
2604	131	128
2605	131	129
2606	130	128
2607	129	128
2608	127	128
2609	126	128
2610	125	128
2611	124	127
2612	124	128
2613	123	128
2614	122	128
2615	121	128
2616	120	127
2617	119	128
2618	118	128
2619	117	128
2620	117	128
2621	116	128
2622	115	128
2623	114	128
2624	113	128
2625	113	128
2626	112	128
2627	111	128
2628	111	128
2629	110	128
2630	109	128
2631	109	128
2632	108	128
2633	108	128
2634	108	128
2635	107	128
2636	107	128
2637	107	128
2638	107	128
2639	106	128
2640	106	128
2641	105	128
2642	105	128
2643	105	128
2644	105	128
2645	106	128
2646	105	128
2647	105	128
2648	106	128
2649	106	128
2650	106	128
2651	106	128
2652	106	128
2653	107	128
2654	107	128
2655	107	128
2656	107	128
2657	108	128
2658	109	128
2659	109	128
2660	109	128
2661	110	128
2662	110	128
2663	111	128
2664	111	128
2665	112	128
2666	113	128
2667	114	128
2668	114	128
2669	115	128
2670	116	127
2671	117	128
2672	117	128
2673	118	128
2674	119	128
2675	120	128
2676	121	128
2677	122	128
2678	123	128
2679	123	128
2680	124	128
2681	125	128
2682	126	128
2683	127	128
2684	128	128
2685	129	127
2686	129	127
2687	131	128
2688	131	128
2689	132	128
2690	134	128
2691	134	128
2692	134	128
2693	135	128
2694	135	128
2695	136	128
2696	137	128
2697	138	128
2698	138	128
2699	139	128
2700	138	128
2701	139	128
2702	139	128
2703	140	128
2704	140	128
2705	141	128
2706	140	128
2707	140	128
2708	140	128
2709	140	128
2710	140	128
2711	140	128
2712	140	128
2713	139	128
2714	139	128
2715	139	128
2716	139	128
2717	138	128
2718	138	128
2719	137	128
2720	136	128
2721	135	129
2722	135	128
2723	135	128
2724	133	128
2725	135	128
2726	137	128
2727	135	129
2728	131	128
2729	128	128
2730	129	128
2731	128	128
2732	128	128
2733	126	128
2734	126	128
2735	124	128
2736	125	128
2737	122	128
2738	123	128
2739	121	128
2740	121	128
2741	119	128
2742	118	128
2743	118	128
2744	118	128
2745	117	128
2746	116	129
2747	115	128
2748	114	128
2749	113	128
2750	113	128
2751	113	128
2752	112	128
2753	112	128
2754	111	128
2755	111	128
2756	110	128
2757	110	128
2758	110	128
2759	110	128
2760	109	128
2761	109	128
2762	108	128
2763	108	128
2764	108	128
2765	108	128
2766	108	128
2767	108	128
2768	108	128
2769	108	128
2770	108	128
2771	107	128
2772	108	128
2773	108	128
2774	109	128
2775	109	128
2776	109	128
2777	109	128
2778	109	128
2779	110	128
2780	111	128
2781	111	128
2782	111	128
2783	112	128
2784	112	128
2785	113	128
2786	113	128
2787	114	128
2788	115	128
2789	115	128
2790	116	128
2791	116	128
2792	117	128
2793	118	128
2794	118	128
2795	119	128
2796	120	128
2797	121	128
2798	121	128
2799	122	128
2800	122	128
2801	122	128
2802	125	128
2803	127	128
2804	127	128
2805	127	128
2806	127	128
2807	128	128
2808	129	128
2809	129	128
2810	130	128
2811	130	128
2812	131	128
2813	132	128
2814	133	128
2815	133	128
2816	134	128
2817	134	128
2818	135	128
2819	135	128
2820	135	128
2821	135	128
2822	135	128
2823	136	128
2824	136	128
2825	136	128
2826	136	128
2827	137	128
2828	137	128
2829	137	128
2830	137	128
2831	137	128
2832	137	128
2833	137	128
2834	136	128
2835	136	128
2836	136	128
2837	129	127
2838	129	128
2839	140	128
2840	143	129
2841	133	128
2842	128	127
2843	135	127
2844	136	128
2845	130	128
2846	130	127
2847	135	128
2848	133	128
2849	128	127
2850	129	128
2851	129	128
2852	124	128
2853	123	128
2854	125	128
2855	123	128
2856	117	128
2857	116	128
2858	116	127
2859	113	128
2860	111	128
2861	111	128
2862	109	128
2863	105	128
2864	104	129
2865	104	128
2866	101	128
2867	99	128
2868	99	128
2869	97	128
2870	94	128
2871	92	128
2872	91	128
2873	89	128
2874	87	128
2875	86	128
2876	85	128
2877	83	128
2878	82	128
2879	81	128
2880	80	128
2881	79	128
2882	77	128
2883	76	128
2884	74	128
2885	73	128
2886	71	128
2887	69	128
2888	67	128
2889	65	128
2890	63	128
2891	60	128
2892	59	128
2893	58	128
2894	58	128
2895	56	128
2896	54	128
2897	53	128
2898	51	128
2899	49	128
2900	48	128
2901	46	128
2902	44	128
2903	43	128
2904	41	129
2905	39	128
2906	37	128
2907	35	128
2908	34	128
2909	33	128
2910	31	128
2911	30	128
2912	29	128
2913	28	128
2914	27	128
2915	26	128
2916	25	128
2917	25	128
2918	24	128
2919	23	128
2920	23	128
2921	22	128
2922	21	128
2923	20	128
2924	20	128
2925	20	128
2926	19	128
2927	18	128
2928	18	128
2929	17	128
2930	17	128
2931	16	128
2932	16	128
2933	15	128
2934	15	128
2935	15	128
2936	14	128
2937	14	128
2938	14	128
2939	13	128
2940	13	128
2941	13	128
2942	12	128
2943	12	128
2944	12	128
2945	12	128
2946	11	128
2947	11	128
2948	11	128
2949	11	128
2950	11	128
2951	11	128
2952	10	128
2953	10	128
2954	10	129
2955	10	128
2956	10	129
2957	9	129
2958	9	128
2959	10	128
2960	9	128
2961	9	128
2962	9	129
2963	9	129
2964	9	128
2965	9	128
2966	9	128
2967	9	128
2968	9	128
2969	8	128
2970	8	128
2971	8	128
2972	8	128
2973	8	128
2974	8	128
2975	8	128
2976	8	128
2977	8	128
2978	7	128
2979	7	128
2980	7	128
2981	7	128
2982	8	128
2983	7	128
2984	7	128
2985	7	128
2986	7	128
2987	7	128
2988	7	128
2989	7	128
2990	7	128
2991	7	128
2992	7	128
2993	7	128
2994	7	128
2995	7	128
2996	7	128
2997	8	128
2998	5	128
2999	0	128
3000	6	128
3001	7	128
3002	9	128
3003	6	128
3004	7	128
3005	6	128
3006	7	128
3007	7	128
3008	6	128
3009	7	128
3010	7	128
3011	6	128
3012	7	128
3013	6	128
3014	6	128
3015	7	128
3016	6	128
3017	6	128
3018	6	128
3019	6	128
3020	6	128
3021	6	128
3022	6	128
3023	7	128
3024	6	128
3025	6	128
3026	6	128
3027	6	128
3028	5	128
3029	6	128
3030	6	128
3031	6	128
3032	6	128
3033	6	128
3034	6	128
3035	6	128
3036	6	128
3037	6	128
3038	6	128
3039	5	128
3040	6	128
3041	6	128
3042	6	128
3043	6	128
3044	6	128
3045	5	128
3046	6	128
3047	6	128
3048	6	128
3049	6	128
3050	6	128
3051	6	128
3052	6	128
3053	5	128
3054	5	128
3055	6	128
3056	5	128
3057	5	128
3058	6	128
3059	6	128
3060	5	128
3061	6	128
3062	6	128
3063	6	128
3064	5	128
3065	6	128
3066	5	128
3067	5	128
3068	5	128
3069	5	128
3070	5	128
3071	5	128
3072	7	128
3073	7	128
3074	6	128
3075	3	128
3076	4	128
3077	5	128
3078	6	128
3079	6	128
3080	5	128
3081	6	128
3082	6	128
3083	6	128
3084	6	128
3085	6	128
3086	6	128
3087	6	128
3088	6	128
3089	6	128
3090	6	128
3091	6	128
3092	6	128
3093	6	128
3094	6	128
3095	6	128
3096	5	128
3097	6	128
3098	6	128
3099	7	128
3100	5	128
3101	6	128
3102	5	129
3103	6	128
3104	6	128
3105	5	128
3106	6	128
3107	6	128
3108	6	128
3109	6	128
3110	6	128
3111	6	128
3112	6	128
3113	6	128
3114	6	128
3115	6	128
3116	6	128
3117	6	128
3118	6	128
3119	6	128
3120	6	128
3121	6	128
3122	6	128
3123	5	128
3124	6	128
3125	6	128
3126	6	128
3127	6	128
3128	6	128
3129	5	128
3130	5	128
3131	5	128
3132	6	128
3133	6	128
3134	6	128
3135	5	128
3136	6	128
3137	6	128
3138	6	128
3139	6	128
3140	6	128
3141	6	128
3142	6	128
3143	6	128
3144	5	128
3145	5	128
3146	6	128
3147	6	128
3148	5	128
3149	6	128
3150	6	128
3151	5	128
3152	5	128
3153	6	128
3154	6	128
3155	6	128
3156	5	128
3157	5	128
3158	5	128
3159	6	128
3160	6	128
3161	6	128
3162	5	128
3163	5	128
3164	5	128
3165	6	128
3166	5	128
3167	5	128
3168	6	128
3169	5	128
3170	6	128
3171	6	128
3172	5	127
3173	6	128
3174	5	128
3175	6	128
3176	6	128
3177	6	128
3178	6	128
3179	6	128
3180	6	128
3181	6	128
3182	6	128
3183	6	128
3184	6	128
3185	6	128
3186	6	128
3187	6	128
3188	6	128
3189	6	128
3190	6	128
3191	6	128
3192	6	128
3193	6	128
3194	6	128
3195	6	128
3196	6	128
3197	6	128
3198	6	128
3199	5	128
3200	5	128
3201	6	128
3202	6	128
3203	6	128
3204	6	128
3205	5	128
3206	6	128
3207	6	128
3208	6	128
3209	6	128
3210	6	128
3211	6	128
3212	6	128
3213	6	128
3214	5	128
3215	6	128
3216	6	128
3217	6	128
3218	6	128
3219	6	128
3220	6	128
3221	6	128
3222	6	128
3223	5	128
3224	5	128
3225	6	128
3226	6	128
3227	5	128
3228	5	128
3229	5	128
3230	5	128
3231	5	128
3232	6	128
3233	6	128
3234	5	128
3235	6	128
3236	6	128
3237	6	128
3238	6	128
3239	5	128
3240	5	128
3241	6	128
3242	5	128
3243	5	128
3244	5	128
3245	6	128
3246	6	128
3247	6	128
3248	5	128
3249	6	128
3250	5	128
3251	4	128
3252	4	128
3253	4	128
3254	4	128
3255	4	128
3256	5	128
3257	5	128
3258	6	128
3259	6	128
3260	7	128
3261	6	128
3262	6	128
3263	6	128
3264	6	128
3265	6	128
3266	6	128
3267	6	128
3268	7	128
3269	6	128
3270	7	128
3271	10	128
3272	11	128
3273	5	128
3274	3	128
3275	7	128
3276	7	128
3277	8	128
3278	7	128
3279	7	128
3280	7	128
3281	8	128
3282	7	128
3283	7	128
3284	7	128
3285	8	128
3286	8	128
3287	7	128
3288	7	128
3289	8	128
3290	8	128
3291	8	128
3292	8	128
3293	7	128
3294	8	128
3295	8	128
3296	8	128
3297	8	128
3298	8	128
3299	7	128
3300	8	128
3301	8	128
3302	7	128
3303	7	128
3304	7	128
3305	7	128
3306	7	128
3307	7	128
3308	7	128
3309	7	128
3310	7	128
3311	7	128
3312	7	128
3313	7	128
3314	7	128
3315	7	128
3316	7	128
3317	7	128
3318	7	128
3319	7	128
3320	7	128
3321	7	128
3322	7	128
3323	7	128
3324	7	128
3325	7	128
3326	7	128
3327	7	128
3328	7	128
3329	7	128
3330	7	128
3331	6	128
3332	7	128
3333	6	128
3334	6	128
3335	6	128
3336	6	128
3337	6	128
3338	6	128
3339	6	128
3340	6	128
3341	6	128
3342	6	128
3343	6	128
3344	6	128
3345	5	128
3346	5	128
3347	8	128
3348	8	128
3349	7	128
3350	6	128
3351	5	128
3352	6	128
3353	6	128
3354	5	128
3355	6	128
3356	6	128
3357	6	128
3358	6	128
3359	6	128
3360	6	128
3361	6	128
3362	6	128
3363	5	128
3364	5	128
3365	6	128
3366	6	128
3367	5	128
3368	5	128
3369	6	128
3370	5	128
3371	6	128
3372	5	128
3373	6	128
3374	6	128
3375	6	128
3376	6	128
3377	6	128
3378	6	128
3379	5	128
3380	5	128
3381	6	128
3382	5	128
3383	6	128
3384	6	128
3385	6	128
3386	6	128
3387	5	128
3388	6	128
3389	5	128
3390	6	128
3391	6	128
3392	5	128
3393	6	128
3394	6	128
3395	6	128
3396	6	128
3397	6	128
3398	6	128
3399	6	128
3400	6	128
3401	6	127
3402	6	128
3403	6	128
3404	6	128
3405	6	128
3406	6	128
3407	6	128
3408	6	128
3409	6	128
3410	6	128
3411	7	128
3412	7	128
3413	7	128
3414	7	128
3415	7	128
3416	8	128
3417	8	128
3418	9	128
3419	11	128
3420	12	128
3421	15	128
3422	19	128
3423	25	128
3424	36	128
3425	71	128
3426	181	128
3427	255	128
3428	255	128
3429	255	128
3430	255	128
3431	255	128
3432	255	129
3433	255	129
3434	255	130
3435	255	130
3436	255	130
3437	255	129
3438	255	130
3439	255	129
3440	255	129
3441	255	129
3442	255	129
3443	255	129
3444	255	129
3445	247	129
3446	240	128
3447	239	128
3448	219	128
3449	180	128
3450	141	128
3451	118	128
3452	112	127
3453	115	127
3454	116	127
3455	107	128
3456	92	127
3457	78	128
3458	68	127
3459	64	127
3460	62	127
3461	61	127
3462	60	127
3463	57	127
3464	53	127
3465	49	127
3466	45	127
3467	42	127
3468	40	127
3469	39	127
3470	37	128
3471	36	128
3472	35	128
3473	34	127
3474	33	127
3475	32	127
3476	31	127
3477	31	127
3478	31	128
3479	30	128
3480	30	127
3481	29	127
3482	29	127
3483	29	127
3484	29	128
3485	28	128
3486	29	127
3487	29	128
3488	29	128
3489	29	127
3490	29	128
3491	29	128
3492	30	128
3493	31	128
3494	31	128
3495	32	128
3496	34	128
3497	35	128
3498	37	128
3499	39	128
3500	41	128
3501	44	128
3502	46	128
3503	49	128
3504	51	128
3505	55	128
3506	58	128
3507	62	128
3508	66	128
3509	70	128
3510	75	128
3511	81	128
3512	87	128
3513	93	128
3514	99	128
3515	106	128
3516	114	128
3517	122	128
3518	131	128
3519	140	128
3520	149	128
3521	158	128
3522	168	128
3523	179	128
3524	190	128
3525	201	128
3526	212	128
3527	222	128
3528	233	128
3529	243	128
3530	253	128
3531	255	128
3532	255	128
3533	255	128
3534	255	128
3535	255	129
3536	255	128
3537	255	128
3538	255	128
3539	255	128
3540	255	128
3541	255	128
3542	255	128
3543	255	128
3544	255	128
3545	255	128
3546	255	128
3547	251	128
3548	238	128
3549	229	128
3550	219	128
3551	211	128
3552	201	128
3553	192	127
3554	183	127
3555	175	127
3556	166	127
3557	159	127
3558	151	128
3559	143	128
3560	137	128
3561	130	127
3562	124	128
3563	118	127
3564	113	127
3565	107	127
3566	103	127
3567	98	127
3568	95	128
3569	90	128
3570	87	128
3571	83	128
3572	80	128
3573	77	128
3574	74	128
3575	71	128
3576	70	128
3577	67	128
3578	65	128
3579	63	128
3580	62	128
3581	60	128
3582	59	128
3583	58	128
3584	57	128
3585	56	128
3586	54	128
3587	53	128
3588	53	128
3589	52	128
3590	52	128
3591	51	128
3592	51	128
3593	51	128
3594	51	128
3595	51	128
3596	51	128
3597	51	128
3598	51	127
3599	51	128
3600	52	128
3601	53	128
3602	53	128
3603	53	128
3604	54	128
3605	55	128
3606	55	128
3607	57	127
3608	58	128
3609	59	128
3610	61	128
3611	63	128
3612	65	128
3613	66	128
3614	68	128
3615	71	128
3616	73	128
3617	77	128
3618	79	128
3619	79	128
3620	82	128
3621	87	128
3622	91	128
3623	95	128
3624	98	128
3625	102	128
3626	106	128
3627	110	128
3628	115	128
3629	120	128
3630	124	128
3631	129	128
3632	134	128
3633	139	128
3634	144	128
3635	149	128
3636	155	128
3637	161	127
3638	166	128
3639	171	128
3640	176	128
3641	181	128
3642	185	127
3643	189	128
3644	194	127
3645	197	128
3646	200	127
3647	203	128
3648	206	128
3649	208	127
3650	209	128
3651	210	128
3652	211	127
3653	211	128
3654	210	128
3655	209	128
3656	208	127
3657	206	128
3658	203	128
3659	201	127
3660	198	127
3661	195	127
3662	192	127
3663	188	127
3664	183	127
3665	179	127
3666	175	127
3667	171	128
3668	167	127
3669	162	127
3670	158	128
3671	154	128
3672	149	128
3673	146	128
3674	141	128
3675	137	128
3676	133	128
3677	129	128
3678	125	127
3679	122	128
3680	119	128
3681	116	127
3682	112	128
3683	109	128
3684	107	127
3685	103	127
3686	101	128
3687	99	128
3688	97	128
3689	94	128
3690	92	128
3691	89	127
3692	88	128
3693	86	128
3694	85	128
3695	83	128
3696	82	128
3697	80	128
3698	79	128
3699	78	128
3700	78	128
3701	77	128
3702	76	128
3703	75	128
3704	75	128
3705	74	128
3706	73	128
3707	73	128
3708	73	128
3709	73	128
3710	73	128
3711	73	128
3712	72	128
3713	73	128
3714	73	128
3715	73	128
3716	74	128
3717	75	128
3718	76	128
3719	76	128
3720	77	128
3721	78	128
3722	79	128
3723	80	128
3724	81	128
3725	82	128
3726	83	128
3727	85	128
3728	86	128
3729	87	128
3730	89	128
3731	91	128
3732	93	128
3733	95	128
3734	97	128
3735	99	128
3736	101	128
3737	103	128
3738	106	128
3739	109	128
3740	111	128
3741	113	128
3742	115	128
3743	118	128
3744	121	128
3745	124	128
3746	127	128
3747	129	128
3748	132	128
3749	134	128
3750	137	128
3751	140	128
3752	143	128
3753	145	128
3754	147	128
3755	149	128
3756	152	128
3757	154	128
3758	156	128
3759	158	128
3760	159	128
3761	161	128
3762	162	128
3763	163	128
3764	164	128
3765	165	128
3766	166	128
3767	166	128
3768	167	128
3769	166	128
3770	166	128
3771	167	128
3772	165	128
3773	165	128
3774	164	128
3775	163	128
3776	162	128
3777	161	128
3778	159	128
3779	157	128
3780	155	128
3781	153	128
3782	151	127
3783	149	128
3784	147	128
3785	145	128
3786	141	128
3787	139	127
3788	137	128
3789	135	128
3790	133	128
3791	130	128
3792	128	128
3793	125	128
3794	122	128
3795	120	128
3796	118	128
3797	117	128
3798	114	128
3799	112	128
3800	110	128
3801	108	128
3802	106	128
3803	104	128
3804	102	128
3805	101	128
3806	99	128
3807	97	128
3808	96	128
3809	95	128
3810	93	128
3811	92	128
3812	91	128
3813	90	128
3814	89	128
3815	89	128
3816	90	128
3817	88	128
3818	83	128
3819	83	128
3820	84	128
3821	86	128
3822	85	128
3823	83	128
3824	83	128
3825	82	128
3826	83	128
3827	82	128
3828	83	128
3829	83	128
3830	83	128
3831	83	128
3832	83	128
3833	83	128
3834	84	128
3835	85	128
3836	86	128
3837	86	128
3838	86	128
3839	87	128
3840	87	128
3841	88	128
3842	89	128
3843	90	128
3844	91	128
3845	92	128
3846	93	128
3847	95	128
3848	96	128
3849	98	128
3850	99	128
3851	101	128
3852	102	128
3853	103	128
3854	105	128
3855	106	128
3856	108	128
3857	110	128
3858	112	128
3859	114	128
3860	115	127
3861	117	128
3862	119	128
3863	121	127
3864	123	128
3865	125	127
3866	127	128
3867	128	128
3868	129	127
3869	131	128
3870	133	128
3871	135	127
3872	137	128
3873	138	128
3874	139	127
3875	141	128
3876	142	128
3877	143	127
3878	144	128
3879	145	128
3880	146	128
3881	147	128
3882	147	128
3883	148	128
3884	149	128
3885	149	128
3886	150	128
3887	150	128
3888	150	128
3889	150	128
3890	149	128
3891	151	128
3892	151	128
3893	151	128
3894	148	128
3895	147	128
3896	147	128
3897	146	128
3898	145	128
3899	144	128
3900	143	128
3901	142	128
3902	141	128
3903	140	128
3904	138	128
3905	137	128
3906	135	128
3907	134	128
3908	133	128
3909	132	128
3910	131	128
3911	129	128
3912	127	128
3913	124	128
3914	123	128
3915	123	127
3916	122	128
3917	120	128
3918	119	128
3919	118	128
3920	116	128
3921	115	128
3922	114	128
3923	113	128
3924	112	128
3925	111	128
3926	109	128
3927	109	128
3928	108	128
3929	107	128
3930	106	128
3931	105	128
3932	104	128
3933	103	128
3934	103	128
3935	102	128
3936	101	128
3937	101	128
3938	100	128
3939	100	128
3940	100	128
3941	99	128
3942	99	128
3943	99	128
3944	99	128
3945	99	128
3946	98	128
3947	98	128
3948	99	128
3949	99	128
3950	99	128
3951	99	128
3952	99	128
3953	99	128
3954	100	128
3955	101	128
3956	101	128
3957	101	129
3958	102	128
3959	103	128
3960	103	128
3961	104	128
3962	105	128
3963	105	128
3964	105	128
3965	106	128
3966	107	128
3967	108	128
3968	109	128
3969	110	128
3970	111	128
3971	112	128
3972	113	128
3973	114	128
3974	115	128
3975	116	128
3976	117	128
3977	118	128
3978	119	128
3979	120	128
3980	122	128
3981	122	128
3982	123	127
3983	124	128
3984	126	128
3985	126	128
3986	127	128
3987	128	128
3988	129	128
3989	130	128
3990	131	127
3991	131	128
3992	132	128
3993	132	128
3994	133	128
3995	134	128
3996	135	128
3997	135	128
3998	135	129
3999	135	128
4000	135	128
4001	135	128
4002	135	128
4003	136	128
4004	135	128
4005	135	128
4006	135	128
4007	135	128
4008	134	128
4009	134	128
4010	133	128
4011	133	128
4012	132	128
4013	132	128
4014	131	128
4015	130	128
4016	130	128
4017	129	128
4018	128	128
4019	127	127
4020	127	128
4021	125	128
4022	125	128
4023	124	128
4024	123	127
4025	122	128
4026	121	128
4027	120	128
4028	119	128
4029	119	128
4030	118	128
4031	117	128
4032	117	128
4033	115	128
4034	115	128
4035	115	127
4036	114	128
4037	113	128
4038	112	128
4039	111	128
4040	111	128
4041	111	128
4042	111	128
4043	110	128
4044	110	128
4045	109	128
4046	108	128
4047	108	128
4048	108	128
4049	108	128
4050	107	128
4051	107	128
4052	107	128
4053	106	128
4054	106	128
4055	106	128
4056	106	128
4057	106	128
4058	106	128
4059	106	128
4060	106	128
4061	107	128
4062	107	128
4063	107	128
4064	107	128
4065	107	128
4066	107	128
4067	107	128
4068	108	128
4069	108	128
4070	109	127
4071	109	128
4072	110	128
4073	110	128
4074	111	128
4075	111	128
4076	113	128
4077	113	128
4078	114	128
4079	114	128
4080	115	128
4081	115	128
4082	116	128
4083	117	128
4084	118	128
4085	118	128
4086	120	128
4087	120	128
4088	118	128
4089	116	128
4090	121	128
4091	124	128
4092	125	128
4093	123	128
4094	124	128
4095	125	128
