
TIME STEP:
125 = 20us

VOLTAGE STEP:
CH1:  32 = 50mV
CH2:  32 = 15mV
GND	-16	128
N	CH1	CH2

0	6	128
1	6	128
2	5	128
3	6	128
4	5	128
5	5	128
6	5	128
7	5	128
8	6	128
9	6	128
10	6	128
11	7	128
12	7	128
13	7	128
14	8	128
15	8	128
16	9	128
17	10	128
18	11	128
19	13	128
20	14	128
21	17	128
22	20	128
23	26	128
24	35	128
25	47	128
26	61	128
27	72	128
28	79	128
29	81	128
30	85	128
31	93	128
32	107	128
33	126	128
34	145	129
35	161	128
36	175	128
37	189	129
38	209	128
39	234	129
40	255	129
41	255	128
42	255	128
43	255	129
44	255	129
45	255	129
46	255	129
47	255	129
48	255	128
49	255	129
50	255	129
51	255	129
52	255	129
53	255	129
54	255	129
55	255	129
56	255	129
57	255	129
58	255	129
59	255	128
60	255	128
61	255	128
62	255	128
63	255	128
64	255	128
65	255	128
66	255	128
67	255	128
68	254	128
69	235	128
70	217	127
71	202	128
72	187	127
73	172	127
74	159	128
75	147	128
76	136	127
77	126	127
78	118	127
79	109	127
80	102	127
81	95	127
82	88	127
83	83	127
84	78	127
85	73	127
86	69	127
87	65	127
88	61	127
89	58	127
90	55	127
91	52	127
92	50	127
93	47	127
94	45	127
95	43	127
96	42	128
97	40	127
98	39	127
99	38	127
100	37	127
101	35	127
102	35	127
103	34	127
104	33	127
105	34	127
106	33	127
107	31	127
108	30	127
109	33	127
110	35	127
111	35	127
112	34	127
113	35	127
114	35	127
115	36	127
116	37	128
117	38	128
118	40	127
119	40	127
120	43	128
121	44	127
122	47	127
123	49	127
124	52	127
125	55	127
126	58	127
127	61	128
128	65	128
129	69	127
130	74	127
131	79	127
132	84	128
133	89	128
134	95	127
135	101	128
136	109	128
137	116	128
138	125	128
139	133	128
140	142	128
141	151	128
142	160	128
143	171	128
144	182	128
145	193	128
146	204	128
147	215	128
148	226	128
149	237	128
150	248	128
151	255	128
152	255	128
153	255	128
154	255	128
155	255	128
156	255	128
157	255	128
158	255	128
159	255	128
160	255	128
161	255	128
162	255	128
163	255	129
164	255	129
165	255	128
166	255	128
167	255	128
168	255	128
169	255	128
170	252	128
171	242	128
172	232	128
173	222	128
174	213	128
175	204	128
176	195	128
177	186	128
178	177	128
179	168	128
180	158	128
181	152	128
182	147	128
183	140	128
184	132	128
185	126	128
186	121	128
187	116	128
188	110	128
189	105	128
190	101	128
191	97	128
192	93	128
193	90	128
194	87	128
195	84	128
196	81	128
197	79	128
198	77	128
199	75	128
200	72	128
201	71	128
202	68	128
203	67	128
204	66	128
205	65	128
206	65	128
207	64	128
208	63	128
209	63	128
210	63	128
211	63	128
212	63	128
213	63	128
214	64	128
215	64	128
216	65	128
217	65	127
218	66	128
219	67	128
220	69	128
221	70	128
222	72	128
223	74	128
224	75	128
225	78	128
226	80	128
227	83	128
228	85	128
229	88	128
230	91	128
231	95	128
232	98	128
233	101	128
234	105	128
235	110	128
236	114	128
237	119	128
238	123	128
239	128	128
240	133	128
241	138	128
242	143	128
243	149	128
244	154	128
245	160	128
246	165	128
247	170	128
248	175	128
249	180	128
250	185	128
251	190	128
252	194	128
253	198	128
254	202	128
255	205	128
256	209	128
257	212	128
258	214	128
259	216	128
260	217	128
261	217	128
262	217	128
263	216	128
264	216	128
265	214	128
266	212	128
267	209	128
268	205	128
269	202	128
270	198	128
271	194	128
272	190	128
273	185	128
274	181	128
275	177	128
276	174	128
277	170	128
278	165	128
279	162	128
280	158	128
281	154	128
282	151	128
283	148	128
284	145	128
285	141	128
286	138	127
287	134	128
288	131	128
289	128	128
290	125	128
291	122	128
292	120	128
293	117	128
294	115	128
295	114	128
296	113	128
297	111	128
298	110	128
299	108	128
300	107	128
301	107	128
302	106	128
303	106	128
304	106	128
305	106	128
306	107	128
307	106	128
308	106	128
309	107	128
310	107	128
311	108	128
312	108	128
313	109	128
314	110	128
315	111	128
316	113	128
317	115	128
318	117	128
319	118	128
320	119	128
321	121	128
322	123	128
323	125	128
324	127	128
325	129	128
326	131	128
327	133	128
328	135	128
329	137	128
330	139	128
331	140	128
332	141	128
333	143	128
334	145	128
335	146	128
336	148	128
337	148	128
338	149	128
339	149	128
340	150	128
341	149	128
342	148	128
343	146	128
344	145	128
345	143	128
346	141	128
347	139	128
348	138	128
349	135	128
350	134	128
351	132	128
352	130	128
353	129	128
354	129	128
355	128	128
356	127	128
357	126	128
358	126	127
359	126	128
360	126	128
361	126	128
362	126	128
363	126	128
364	127	128
365	128	128
366	129	128
367	130	128
368	131	128
369	132	128
370	133	128
371	134	128
372	135	128
373	136	128
374	137	128
375	138	128
376	138	128
377	140	128
378	143	128
379	145	128
380	145	128
381	141	128
382	143	128
383	141	128
384	142	128
385	140	128
386	140	128
387	139	128
388	138	128
389	136	128
390	137	128
391	137	128
392	138	128
393	137	128
394	136	128
395	137	128
396	136	128
397	137	128
398	138	128
399	137	128
400	135	128
401	135	128
402	135	128
403	135	128
404	134	128
405	133	128
406	132	128
407	131	128
408	130	128
409	130	128
410	131	128
411	131	128
412	131	128
413	131	128
414	130	128
415	130	128
416	131	128
417	132	128
418	132	128
419	133	128
420	133	128
421	133	128
422	133	128
423	134	128
424	135	128
425	136	128
426	136	128
427	137	128
428	138	128
429	139	128
430	141	128
431	142	128
432	144	128
433	145	128
434	147	128
435	149	128
436	151	128
437	152	128
438	154	128
439	154	128
440	155	128
441	156	128
442	157	128
443	158	128
444	158	128
445	158	128
446	158	128
447	158	128
448	159	128
449	159	128
450	159	128
451	160	128
452	160	128
453	161	128
454	160	128
455	158	128
456	158	128
457	159	128
458	160	128
459	161	128
460	161	128
461	160	128
462	160	128
463	160	128
464	161	128
465	162	128
466	163	128
467	162	128
468	162	128
469	162	128
470	163	128
471	164	128
472	165	128
473	166	128
474	167	128
475	167	128
476	167	128
477	168	128
478	169	128
479	169	128
480	170	128
481	170	128
482	171	128
483	171	128
484	173	128
485	173	128
486	174	128
487	174	128
488	174	128
489	174	128
490	175	128
491	175	128
492	176	128
493	176	128
494	176	128
495	176	128
496	176	128
497	176	128
498	176	128
499	176	128
500	176	128
501	176	128
502	175	128
503	175	128
504	175	128
505	175	128
506	175	128
507	174	128
508	174	128
509	174	128
510	174	128
511	173	128
512	173	128
513	172	128
514	172	128
515	171	128
516	171	128
517	170	128
518	170	128
519	169	128
520	168	128
521	168	128
522	167	128
523	167	129
524	166	128
525	165	128
526	165	128
527	164	128
528	164	128
529	163	128
530	162	128
531	161	128
532	161	128
533	160	128
534	160	128
535	159	128
536	158	128
537	157	128
538	157	127
539	156	128
540	156	128
541	155	128
542	155	128
543	155	128
544	154	128
545	154	128
546	154	128
547	154	129
548	153	128
549	152	128
550	152	128
551	152	128
552	151	128
553	151	128
554	150	128
555	150	128
556	150	128
557	149	128
558	149	128
559	147	128
560	147	128
561	147	128
562	147	128
563	146	128
564	145	128
565	145	128
566	144	128
567	143	128
568	142	128
569	142	128
570	142	128
571	142	128
572	142	128
573	140	128
574	140	128
575	139	128
576	139	128
577	138	128
578	138	128
579	137	128
580	136	128
581	136	128
582	135	128
583	135	128
584	135	128
585	135	128
586	134	128
587	133	128
588	133	128
589	133	128
590	133	128
591	133	128
592	133	128
593	132	128
594	132	128
595	131	128
596	131	128
597	131	128
598	131	128
599	131	128
600	131	128
601	131	128
602	130	128
603	130	128
604	131	128
605	131	128
606	131	128
607	131	128
608	131	128
609	131	128
610	131	128
611	131	128
612	131	128
613	131	128
614	132	128
615	132	128
616	132	128
617	131	128
618	132	128
619	132	128
620	132	128
621	133	128
622	133	128
623	133	128
624	133	128
625	133	128
626	133	128
627	133	128
628	133	128
629	134	128
630	133	128
631	133	128
632	133	128
633	133	129
634	133	129
635	132	128
636	133	128
637	132	128
638	132	128
639	131	128
640	131	128
641	130	128
642	130	128
643	129	128
644	128	128
645	127	128
646	126	128
647	125	128
648	123	128
649	123	128
650	121	128
651	117	128
652	113	128
653	112	128
654	113	128
655	113	128
656	109	128
657	112	128
658	110	128
659	110	128
660	109	128
661	109	128
662	109	128
663	110	128
664	110	128
665	111	128
666	110	129
667	110	129
668	110	128
669	110	129
670	111	128
671	113	128
672	114	129
673	114	128
674	115	128
675	116	128
676	117	128
677	119	128
678	121	128
679	122	128
680	124	128
681	124	128
682	126	128
683	128	128
684	130	128
685	132	128
686	133	128
687	135	128
688	136	128
689	138	128
690	140	128
691	142	128
692	143	128
693	145	128
694	146	128
695	148	128
696	149	128
697	151	128
698	152	128
699	154	128
700	155	128
701	156	128
702	157	128
703	158	128
704	159	128
705	160	128
706	161	128
707	161	128
708	162	128
709	162	128
710	163	128
711	163	128
712	163	128
713	163	128
714	163	128
715	163	128
716	163	128
717	162	128
718	161	128
719	161	128
720	161	128
721	161	128
722	160	128
723	159	128
724	159	128
725	157	128
726	156	128
727	156	128
728	157	129
729	156	128
730	154	128
731	152	128
732	152	128
733	151	128
734	150	128
735	149	128
736	148	128
737	148	128
738	148	128
739	148	128
740	147	128
741	146	128
742	146	128
743	145	128
744	146	128
745	146	128
746	146	128
747	145	128
748	145	128
749	146	128
750	148	128
751	149	128
752	150	128
753	150	128
754	151	128
755	153	128
756	154	128
757	156	128
758	158	128
759	160	128
760	161	128
761	163	128
762	166	128
763	168	129
764	171	129
765	174	128
766	177	128
767	180	128
768	183	129
769	186	128
770	190	128
771	193	128
772	197	128
773	201	128
774	204	128
775	207	128
776	211	128
777	214	129
778	217	128
779	221	128
780	224	128
781	226	128
782	229	128
783	231	128
784	233	128
785	234	128
786	235	128
787	236	128
788	235	129
789	235	129
790	234	128
791	232	128
792	230	129
793	227	129
794	224	128
795	221	128
796	217	128
797	212	128
798	208	128
799	203	128
800	198	128
801	193	128
802	187	128
803	181	128
804	176	128
805	171	128
806	166	128
807	161	128
808	156	128
809	152	128
810	147	128
811	143	128
812	140	128
813	136	128
814	132	128
815	128	128
816	124	128
817	121	128
818	118	128
819	115	128
820	113	128
821	110	128
822	108	128
823	105	128
824	103	128
825	102	128
826	100	128
827	99	128
828	97	128
829	97	128
830	96	128
831	95	128
832	94	128
833	94	128
834	93	128
835	94	128
836	93	128
837	93	128
838	93	128
839	95	128
840	95	128
841	96	128
842	97	129
843	98	128
844	99	128
845	100	128
846	101	129
847	102	129
848	104	128
849	105	128
850	107	128
851	108	128
852	110	128
853	112	128
854	115	128
855	117	128
856	119	128
857	120	128
858	122	128
859	123	128
860	125	128
861	126	128
862	128	128
863	129	128
864	130	128
865	130	128
866	131	128
867	132	128
868	132	128
869	133	128
870	133	128
871	134	128
872	134	128
873	135	128
874	135	128
875	136	128
876	137	128
877	137	128
878	137	128
879	138	128
880	138	128
881	139	128
882	139	128
883	140	128
884	140	128
885	139	128
886	139	128
887	139	128
888	139	128
889	139	128
890	138	128
891	137	128
892	136	128
893	135	128
894	134	128
895	133	128
896	133	128
897	132	128
898	131	128
899	131	128
900	130	128
901	130	128
902	130	128
903	131	128
904	130	128
905	130	128
906	130	128
907	130	128
908	130	128
909	130	128
910	129	128
911	128	128
912	128	128
913	127	128
914	127	128
915	127	128
916	126	128
917	126	128
918	125	128
919	124	128
920	124	128
921	124	128
922	124	128
923	123	128
924	123	128
925	127	129
926	126	128
927	123	128
928	120	128
929	124	128
930	126	128
931	126	128
932	125	128
933	125	128
934	125	128
935	125	128
936	126	128
937	127	128
938	128	128
939	127	128
940	127	128
941	127	128
942	128	128
943	128	128
944	129	128
945	129	128
946	128	128
947	128	128
948	128	128
949	129	128
950	130	128
951	130	128
952	130	128
953	130	128
954	131	128
955	131	128
956	133	128
957	133	128
958	134	128
959	134	128
960	135	128
961	136	128
962	137	128
963	138	128
964	139	128
965	139	128
966	140	128
967	141	128
968	142	128
969	143	128
970	144	128
971	144	128
972	145	128
973	146	128
974	146	128
975	147	128
976	147	128
977	148	128
978	149	128
979	149	128
980	149	128
981	150	128
982	149	128
983	150	128
984	150	128
985	150	128
986	150	128
987	150	128
988	149	128
989	149	128
990	149	128
991	149	128
992	149	128
993	149	128
994	149	128
995	148	128
996	148	128
997	147	128
998	147	128
999	147	128
1000	146	128
1001	144	128
1002	144	128
1003	143	128
1004	144	128
1005	144	128
1006	144	128
1007	143	128
1008	143	127
1009	143	128
1010	142	128
1011	142	127
1012	142	128
1013	141	128
1014	141	128
1015	141	128
1016	141	128
1017	141	128
1018	141	128
1019	141	128
1020	142	128
1021	143	128
1022	167	129
1023	139	127
1024	127	128
1025	146	128
1026	148	128
1027	142	129
1028	144	127
1029	152	128
1030	150	128
1031	147	128
1032	153	128
1033	159	128
1034	155	128
1035	153	128
1036	157	129
1037	159	129
1038	157	128
1039	158	128
1040	163	128
1041	163	128
1042	160	128
1043	162	128
1044	166	129
1045	166	129
1046	165	129
1047	167	128
1048	169	129
1049	167	128
1050	167	128
1051	169	129
1052	169	128
1053	166	128
1054	164	129
1055	163	128
1056	161	128
1057	157	128
1058	156	128
1059	154	128
1060	150	128
1061	146	128
1062	144	129
1063	142	128
1064	138	128
1065	135	128
1066	132	128
1067	128	128
1068	124	128
1069	120	128
1070	117	128
1071	112	128
1072	106	128
1073	102	128
1074	98	128
1075	95	128
1076	91	128
1077	87	128
1078	83	128
1079	79	128
1080	75	128
1081	72	128
1082	68	129
1083	65	128
1084	62	128
1085	59	128
1086	56	128
1087	52	128
1088	50	128
1089	47	128
1090	44	128
1091	41	128
1092	38	128
1093	36	128
1094	34	128
1095	32	128
1096	30	128
1097	28	128
1098	26	128
1099	24	128
1100	23	128
1101	21	128
1102	20	128
1103	18	128
1104	17	128
1105	15	128
1106	14	128
1107	13	128
1108	12	128
1109	12	128
1110	11	128
1111	11	128
1112	10	128
1113	9	128
1114	9	128
1115	8	128
1116	8	128
1117	7	128
1118	7	128
1119	6	128
1120	6	128
1121	5	128
1122	5	129
1123	4	128
1124	4	128
1125	3	128
1126	3	128
1127	3	128
1128	2	128
1129	2	128
1130	1	128
1131	1	128
1132	1	128
1133	1	128
1134	1	128
1135	0	129
1136	0	128
1137	0	128
1138	0	128
1139	0	128
1140	0	129
1141	0	128
1142	0	128
1143	0	128
1144	0	128
1145	0	128
1146	0	128
1147	0	128
1148	0	128
1149	0	128
1150	0	128
1151	0	128
1152	0	129
1153	0	129
1154	0	128
1155	0	128
1156	0	128
1157	0	128
1158	0	128
1159	0	128
1160	0	128
1161	0	128
1162	0	128
1163	0	128
1164	0	128
1165	0	128
1166	0	128
1167	0	128
1168	0	128
1169	0	128
1170	0	128
1171	0	128
1172	0	128
1173	0	128
1174	0	128
1175	0	128
1176	0	128
1177	0	128
1178	0	128
1179	0	129
1180	0	128
1181	0	128
1182	0	128
1183	0	128
1184	0	128
1185	0	128
1186	0	128
1187	0	128
1188	0	128
1189	0	128
1190	0	128
1191	0	128
1192	0	128
1193	0	128
1194	0	128
1195	0	128
1196	0	128
1197	0	128
1198	0	128
1199	0	128
1200	0	128
1201	0	128
1202	0	128
1203	0	128
1204	0	128
1205	0	128
1206	0	128
1207	0	128
1208	0	128
1209	0	128
1210	0	128
1211	0	128
1212	0	128
1213	0	128
1214	0	128
1215	0	128
1216	0	128
1217	0	128
1218	0	128
1219	0	128
1220	0	128
1221	0	128
1222	0	128
1223	0	128
1224	0	128
1225	0	128
1226	0	128
1227	0	128
1228	0	128
1229	0	128
1230	0	128
1231	0	128
1232	0	128
1233	0	128
1234	0	128
1235	0	128
1236	0	128
1237	0	128
1238	0	128
1239	0	128
1240	0	128
1241	0	128
1242	0	128
1243	0	128
1244	0	128
1245	0	128
1246	0	128
1247	0	128
1248	0	128
1249	0	128
1250	0	128
1251	0	128
1252	0	128
1253	0	128
1254	0	128
1255	0	128
1256	0	128
1257	0	128
1258	0	128
1259	0	128
1260	0	128
1261	0	128
1262	0	128
1263	0	128
1264	0	128
1265	0	128
1266	0	128
1267	0	128
1268	0	128
1269	0	128
1270	0	128
1271	0	128
1272	0	128
1273	0	128
1274	0	128
1275	0	128
1276	0	128
1277	0	128
1278	0	128
1279	0	128
1280	0	128
1281	0	128
1282	0	128
1283	0	128
1284	0	128
1285	0	128
1286	0	129
1287	0	128
1288	0	128
1289	0	128
1290	0	128
1291	0	128
1292	0	128
1293	0	128
1294	0	128
1295	0	128
1296	0	128
1297	0	128
1298	0	128
1299	0	128
1300	0	128
1301	0	128
1302	0	128
1303	0	128
1304	0	128
1305	0	128
1306	0	128
1307	0	128
1308	0	128
1309	0	128
1310	0	128
1311	0	128
1312	0	128
1313	0	128
1314	0	128
1315	0	128
1316	0	128
1317	0	128
1318	0	128
1319	0	128
1320	0	128
1321	0	128
1322	0	128
1323	0	128
1324	0	128
1325	0	128
1326	0	129
1327	0	128
1328	0	128
1329	0	128
1330	0	128
1331	0	128
1332	0	129
1333	0	128
1334	0	128
1335	0	128
1336	0	128
1337	0	128
1338	0	128
1339	0	128
1340	0	128
1341	0	128
1342	0	128
1343	0	128
1344	0	128
1345	0	128
1346	0	128
1347	0	129
1348	0	128
1349	0	128
1350	0	128
1351	0	128
1352	0	128
1353	0	128
1354	0	128
1355	0	128
1356	0	128
1357	0	128
1358	0	128
1359	0	128
1360	0	128
1361	0	128
1362	0	128
1363	0	128
1364	0	128
1365	0	128
1366	0	128
1367	0	128
1368	0	128
1369	0	128
1370	0	128
1371	0	128
1372	0	128
1373	0	128
1374	0	128
1375	0	128
1376	0	128
1377	0	128
1378	0	128
1379	0	128
1380	0	128
1381	0	128
1382	0	128
1383	0	128
1384	0	128
1385	0	128
1386	0	128
1387	0	128
1388	0	128
1389	0	128
1390	0	128
1391	0	128
1392	0	128
1393	0	128
1394	0	128
1395	0	128
1396	0	128
1397	0	128
1398	0	128
1399	0	128
1400	0	128
1401	0	128
1402	0	128
1403	0	128
1404	0	128
1405	0	129
1406	0	128
1407	0	128
1408	0	128
1409	0	128
1410	0	128
1411	0	128
1412	0	128
1413	0	128
1414	0	128
1415	0	128
1416	0	128
1417	0	128
1418	0	128
1419	0	128
1420	0	128
1421	0	128
1422	0	128
1423	0	128
1424	0	128
1425	0	128
1426	0	128
1427	0	128
1428	0	128
1429	0	128
1430	0	128
1431	0	128
1432	0	128
1433	0	128
1434	0	128
1435	0	128
1436	0	128
1437	0	127
1438	0	128
1439	0	128
1440	0	128
1441	0	128
1442	0	128
1443	0	128
1444	0	128
1445	0	128
1446	0	128
1447	0	128
1448	0	128
1449	0	128
1450	0	128
1451	0	128
1452	0	128
1453	0	128
1454	0	128
1455	0	128
1456	0	128
1457	0	128
1458	0	128
1459	0	128
1460	0	128
1461	0	128
1462	0	128
1463	0	128
1464	0	128
1465	0	128
1466	0	128
1467	0	128
1468	0	128
1469	0	128
1470	0	128
1471	0	128
1472	0	128
1473	0	128
1474	0	128
1475	0	128
1476	0	128
1477	0	128
1478	0	128
1479	0	128
1480	0	128
1481	0	128
1482	0	128
1483	0	128
1484	0	128
1485	0	128
1486	0	128
1487	0	128
1488	0	128
1489	0	128
1490	0	128
1491	0	128
1492	0	128
1493	0	128
1494	0	128
1495	0	128
1496	0	128
1497	0	128
1498	0	128
1499	0	128
1500	0	128
1501	0	128
1502	0	128
1503	0	128
1504	0	128
1505	0	128
1506	0	128
1507	0	128
1508	0	128
1509	0	129
1510	0	128
1511	0	128
1512	0	128
1513	0	128
1514	0	129
1515	0	128
1516	0	128
1517	0	128
1518	0	128
1519	0	128
1520	0	128
1521	0	129
1522	0	128
1523	0	128
1524	0	128
1525	0	128
1526	0	128
1527	0	129
1528	0	128
1529	0	128
1530	0	128
1531	0	128
1532	0	128
1533	0	128
1534	0	128
1535	0	128
1536	0	128
1537	0	128
1538	0	128
1539	0	128
1540	0	128
1541	0	128
1542	0	128
1543	0	129
1544	0	128
1545	0	128
1546	0	128
1547	0	128
1548	0	128
1549	0	128
1550	0	128
1551	0	128
1552	0	128
1553	0	128
1554	0	128
1555	0	128
1556	0	128
1557	0	128
1558	0	128
1559	0	128
1560	0	128
1561	0	128
1562	0	128
1563	0	128
1564	0	128
1565	0	128
1566	0	128
1567	0	128
1568	0	128
1569	0	128
1570	0	128
1571	0	128
1572	0	128
1573	0	128
1574	0	128
1575	0	128
1576	0	128
1577	0	128
1578	0	128
1579	0	128
1580	0	128
1581	0	128
1582	0	128
1583	0	128
1584	0	128
1585	0	128
1586	0	128
1587	0	128
1588	0	128
1589	0	128
1590	0	128
1591	0	128
1592	0	128
1593	0	128
1594	0	128
1595	0	128
1596	0	128
1597	0	128
1598	0	128
1599	0	128
1600	0	128
1601	0	128
1602	0	128
1603	0	128
1604	0	128
1605	0	128
1606	0	128
1607	0	128
1608	0	128
1609	0	128
1610	0	128
1611	0	128
1612	0	128
1613	0	128
1614	0	128
1615	0	128
1616	0	128
1617	0	128
1618	0	128
1619	0	128
1620	0	128
1621	0	128
1622	0	128
1623	0	128
1624	0	128
1625	0	128
1626	0	129
1627	0	128
1628	0	128
1629	0	128
1630	0	128
1631	0	128
1632	0	128
1633	0	128
1634	0	128
1635	0	128
1636	0	128
1637	0	128
1638	0	128
1639	0	128
1640	0	128
1641	0	128
1642	0	128
1643	0	128
1644	0	128
1645	0	127
1646	0	128
1647	0	127
1648	0	128
1649	0	128
1650	0	127
1651	0	127
1652	0	127
1653	0	127
1654	0	127
1655	0	127
1656	0	127
1657	0	127
1658	0	128
1659	0	127
1660	0	127
1661	0	127
1662	0	127
1663	0	128
1664	3	127
1665	6	128
1666	12	127
1667	21	127
1668	43	127
1669	128	127
1670	255	127
1671	255	127
1672	255	127
1673	255	128
1674	255	128
1675	255	128
1676	255	129
1677	255	129
1678	255	129
1679	255	129
1680	255	129
1681	255	129
1682	255	129
1683	255	129
1684	255	129
1685	255	129
1686	255	128
1687	255	128
1688	247	128
1689	168	128
1690	116	128
1691	104	128
1692	121	128
1693	136	127
1694	127	127
1695	99	127
1696	71	127
1697	53	127
1698	46	127
1699	47	127
1700	50	127
1701	52	127
1702	49	127
1703	45	127
1704	38	127
1705	33	127
1706	28	127
1707	26	127
1708	24	127
1709	22	127
1710	21	127
1711	19	127
1712	18	127
1713	17	127
1714	16	127
1715	15	127
1716	14	127
1717	13	127
1718	13	127
1719	12	127
1720	11	127
1721	11	127
1722	11	127
1723	11	127
1724	10	127
1725	10	127
1726	10	128
1727	9	128
1728	9	128
1729	9	128
1730	9	128
1731	8	128
1732	8	128
1733	8	128
1734	8	128
1735	8	128
1736	8	128
1737	8	128
1738	8	128
1739	8	127
1740	9	128
1741	9	128
1742	9	128
1743	9	128
1744	12	128
1745	14	128
1746	15	128
1747	18	129
1748	15	128
1749	19	128
1750	18	128
1751	23	128
1752	25	128
1753	32	128
1754	39	128
1755	47	128
1756	54	128
1757	61	128
1758	66	128
1759	71	128
1760	76	128
1761	83	129
1762	95	128
1763	107	128
1764	122	128
1765	134	128
1766	146	128
1767	158	128
1768	175	128
1769	194	128
1770	215	128
1771	235	128
1772	255	128
1773	255	128
1774	255	128
1775	255	128
1776	255	129
1777	255	128
1778	255	129
1779	255	129
1780	255	129
1781	255	129
1782	255	128
1783	255	129
1784	255	129
1785	255	129
1786	255	129
1787	255	129
1788	255	129
1789	255	128
1790	255	128
1791	255	128
1792	255	128
1793	255	128
1794	255	128
1795	255	128
1796	255	129
1797	255	128
1798	243	128
1799	228	128
1800	214	127
1801	201	128
1802	187	127
1803	175	128
1804	163	127
1805	153	128
1806	145	127
1807	137	127
1808	128	127
1809	120	127
1810	113	127
1811	106	127
1812	101	128
1813	95	128
1814	91	128
1815	87	127
1816	82	128
1817	78	127
1818	74	128
1819	71	127
1820	70	128
1821	67	128
1822	63	127
1823	59	127
1824	58	128
1825	58	128
1826	56	128
1827	55	128
1828	53	128
1829	52	128
1830	51	128
1831	50	128
1832	49	128
1833	49	128
1834	48	128
1835	48	128
1836	48	128
1837	48	128
1838	48	128
1839	49	128
1840	50	128
1841	51	128
1842	51	128
1843	52	128
1844	53	128
1845	54	128
1846	55	128
1847	56	128
1848	58	128
1849	60	128
1850	62	128
1851	65	128
1852	67	128
1853	70	128
1854	73	128
1855	76	128
1856	79	128
1857	83	128
1858	87	129
1859	91	128
1860	96	128
1861	101	129
1862	106	128
1863	111	128
1864	117	128
1865	124	128
1866	130	128
1867	137	128
1868	144	128
1869	151	128
1870	159	128
1871	167	128
1872	175	128
1873	183	128
1874	192	128
1875	201	128
1876	209	128
1877	217	128
1878	225	128
1879	233	128
1880	241	128
1881	248	128
1882	255	128
1883	255	128
1884	255	128
1885	255	128
1886	255	128
1887	255	128
1888	255	128
1889	255	128
1890	255	128
1891	255	128
1892	255	128
1893	255	128
1894	255	128
1895	255	128
1896	255	128
1897	255	128
1898	252	128
1899	245	128
1900	239	128
1901	232	128
1902	224	128
1903	217	128
1904	210	128
1905	204	128
1906	197	128
1907	189	128
1908	181	128
1909	175	128
1910	168	128
1911	162	128
1912	156	128
1913	150	128
1914	145	128
1915	139	128
1916	134	128
1917	129	127
1918	125	128
1919	121	128
1920	118	128
1921	113	128
1922	109	128
1923	106	127
1924	103	128
1925	100	128
1926	98	128
1927	95	128
1928	93	128
1929	91	128
1930	89	128
1931	87	128
1932	86	128
1933	85	128
1934	84	128
1935	83	128
1936	81	128
1937	81	128
1938	80	128
1939	81	128
1940	80	128
1941	80	128
1942	80	128
1943	80	128
1944	81	128
1945	81	128
1946	81	128
1947	82	128
1948	83	128
1949	84	128
1950	86	128
1951	87	128
1952	89	128
1953	90	128
1954	92	128
1955	95	128
1956	97	128
1957	100	128
1958	103	128
1959	106	128
1960	108	128
1961	111	128
1962	114	128
1963	118	128
1964	122	128
1965	126	128
1966	131	128
1967	135	128
1968	139	128
1969	143	128
1970	148	128
1971	153	128
1972	158	128
1973	163	128
1974	168	128
1975	173	128
1976	178	129
1977	184	129
1978	189	128
1979	193	128
1980	198	128
1981	203	128
1982	207	128
1983	211	128
1984	216	128
1985	219	128
1986	222	128
1987	225	128
1988	227	128
1989	228	128
1990	230	128
1991	231	128
1992	231	128
1993	231	128
1994	230	128
1995	229	128
1996	228	128
1997	226	128
1998	223	128
1999	221	128
2000	217	128
2001	214	128
2002	210	128
2003	207	128
2004	203	128
2005	199	128
2006	194	128
2007	189	128
2008	185	128
2009	180	128
2010	177	128
2011	172	128
2012	168	128
2013	163	128
2014	159	128
2015	155	128
2016	152	128
2017	149	128
2018	142	128
2019	135	128
2020	133	128
2021	132	128
2022	130	128
2023	125	128
2024	125	128
2025	122	128
2026	120	128
2027	116	128
2028	116	128
2029	115	128
2030	114	128
2031	112	128
2032	111	128
2033	109	128
2034	108	128
2035	106	128
2036	105	128
2037	105	128
2038	105	128
2039	105	128
2040	104	128
2041	103	128
2042	103	129
2043	104	128
2044	105	128
2045	105	128
2046	105	128
2047	106	128
2048	106	128
2049	108	128
2050	108	128
2051	109	128
2052	110	128
2053	112	128
2054	113	128
2055	115	128
2056	117	128
2057	118	128
2058	121	128
2059	123	128
2060	125	128
2061	128	128
2062	130	128
2063	133	128
2064	135	128
2065	137	128
2066	140	128
2067	144	128
2068	146	128
2069	149	128
2070	152	128
2071	155	128
2072	159	128
2073	161	128
2074	164	128
2075	167	128
2076	170	128
2077	174	128
2078	176	128
2079	179	128
2080	181	128
2081	184	128
2082	187	128
2083	189	128
2084	191	128
2085	193	128
2086	195	128
2087	196	128
2088	197	128
2089	198	128
2090	199	128
2091	200	128
2092	198	128
2093	197	128
2094	196	128
2095	197	128
2096	196	128
2097	192	128
2098	189	128
2099	186	128
2100	184	128
2101	181	128
2102	177	128
2103	174	128
2104	171	128
2105	169	128
2106	166	128
2107	162	128
2108	158	128
2109	155	128
2110	152	128
2111	151	128
2112	149	128
2113	146	128
2114	143	128
2115	140	128
2116	137	128
2117	137	128
2118	136	128
2119	134	128
2120	133	128
2121	131	128
2122	130	128
2123	128	128
2124	127	128
2125	127	128
2126	126	127
2127	125	128
2128	124	128
2129	124	128
2130	124	128
2131	124	128
2132	124	128
2133	123	128
2134	123	128
2135	124	128
2136	124	128
2137	125	128
2138	126	128
2139	126	128
2140	126	128
2141	126	128
2142	127	128
2143	129	128
2144	130	128
2145	131	128
2146	132	128
2147	133	128
2148	134	128
2149	136	128
2150	137	128
2151	139	128
2152	140	128
2153	141	128
2154	143	128
2155	145	128
2156	147	128
2157	148	128
2158	150	128
2159	152	128
2160	153	128
2161	155	128
2162	157	128
2163	159	128
2164	160	128
2165	162	128
2166	163	128
2167	165	128
2168	166	128
2169	167	128
2170	169	128
2171	171	128
2172	172	128
2173	173	128
2174	174	128
2175	175	128
2176	176	128
2177	177	128
2178	177	128
2179	177	128
2180	178	128
2181	178	128
2182	179	128
2183	179	128
2184	179	128
2185	178	128
2186	178	128
2187	177	128
2188	177	128
2189	177	128
2190	176	128
2191	175	128
2192	174	128
2193	174	128
2194	173	128
2195	172	128
2196	170	128
2197	169	128
2198	167	128
2199	166	128
2200	165	128
2201	164	129
2202	163	128
2203	161	128
2204	159	128
2205	158	128
2206	157	128
2207	156	128
2208	154	128
2209	153	128
2210	151	128
2211	150	128
2212	149	128
2213	147	128
2214	146	128
2215	145	128
2216	143	128
2217	142	128
2218	141	128
2219	140	128
2220	139	128
2221	137	128
2222	137	128
2223	135	128
2224	135	128
2225	134	128
2226	133	128
2227	133	128
2228	132	128
2229	131	128
2230	130	128
2231	130	128
2232	130	128
2233	129	128
2234	129	128
2235	128	128
2236	128	128
2237	128	128
2238	128	128
2239	128	128
2240	128	128
2241	128	128
2242	128	128
2243	128	128
2244	129	128
2245	129	128
2246	129	128
2247	129	128
2248	130	128
2249	131	128
2250	131	128
2251	132	128
2252	132	128
2253	133	128
2254	133	129
2255	134	128
2256	135	128
2257	136	128
2258	137	128
2259	138	128
2260	139	128
2261	139	128
2262	141	128
2263	143	128
2264	143	128
2265	144	128
2266	145	128
2267	146	128
2268	147	128
2269	148	128
2270	150	128
2271	151	128
2272	151	128
2273	152	129
2274	153	128
2275	154	128
2276	155	128
2277	156	128
2278	157	128
2279	157	128
2280	158	128
2281	158	128
2282	159	128
2283	160	128
2284	160	128
2285	160	128
2286	161	128
2287	161	128
2288	162	128
2289	162	128
2290	161	128
2291	162	128
2292	166	128
2293	165	128
2294	162	128
2295	158	128
2296	161	128
2297	163	129
2298	162	129
2299	160	129
2300	159	128
2301	158	128
2302	157	128
2303	157	128
2304	157	128
2305	156	128
2306	154	128
2307	153	128
2308	152	128
2309	152	128
2310	150	128
2311	150	128
2312	149	128
2313	148	128
2314	146	128
2315	145	128
2316	145	128
2317	145	128
2318	144	128
2319	142	128
2320	141	128
2321	140	128
2322	140	128
2323	139	128
2324	139	128
2325	138	128
2326	137	128
2327	137	128
2328	136	129
2329	136	128
2330	135	128
2331	135	128
2332	135	128
2333	135	128
2334	135	128
2335	135	128
2336	135	128
2337	135	128
2338	135	128
2339	135	128
2340	135	129
2341	135	128
2342	135	128
2343	135	128
2344	136	128
2345	136	128
2346	137	128
2347	137	128
2348	137	128
2349	137	128
2350	138	128
2351	139	128
2352	140	129
2353	140	128
2354	141	128
2355	141	128
2356	142	128
2357	143	128
2358	144	128
2359	145	128
2360	146	128
2361	147	128
2362	147	128
2363	148	128
2364	148	128
2365	149	128
2366	151	128
2367	151	128
2368	150	128
2369	151	128
2370	152	128
2371	155	129
2372	156	128
2373	157	128
2374	156	129
2375	157	128
2376	157	128
2377	158	128
2378	159	128
2379	159	128
2380	159	128
2381	159	128
2382	160	128
2383	160	128
2384	161	128
2385	161	128
2386	161	128
2387	161	128
2388	162	128
2389	161	128
2390	160	128
2391	159	128
2392	160	128
2393	159	128
2394	158	128
2395	158	128
2396	158	128
2397	157	128
2398	157	128
2399	156	128
2400	156	128
2401	155	128
2402	154	128
2403	153	128
2404	153	128
2405	153	128
2406	152	128
2407	150	128
2408	149	128
2409	148	128
2410	148	128
2411	147	128
2412	146	128
2413	145	128
2414	144	128
2415	143	128
2416	143	128
2417	142	128
2418	141	128
2419	141	128
2420	140	128
2421	139	128
2422	138	128
2423	137	128
2424	137	129
2425	137	128
2426	136	129
2427	135	128
2428	135	128
2429	135	128
2430	134	129
2431	134	128
2432	134	128
2433	134	128
2434	134	128
2435	134	128
2436	135	128
2437	134	128
2438	135	128
2439	135	128
2440	135	128
2441	136	128
2442	136	128
2443	137	128
2444	137	128
2445	137	128
2446	138	128
2447	139	128
2448	141	128
2449	141	128
2450	142	128
2451	143	128
2452	143	128
2453	144	128
2454	145	128
2455	146	128
2456	147	129
2457	148	128
2458	149	128
2459	150	128
2460	151	128
2461	152	128
2462	153	128
2463	154	128
2464	155	128
2465	155	128
2466	156	128
2467	157	128
2468	159	128
2469	160	128
2470	160	128
2471	161	128
2472	161	128
2473	162	128
2474	163	128
2475	163	128
2476	164	128
2477	164	128
2478	165	128
2479	165	128
2480	165	128
2481	165	128
2482	165	128
2483	165	128
2484	165	128
2485	165	128
2486	165	128
2487	165	128
2488	164	128
2489	164	129
2490	163	128
2491	163	128
2492	163	128
2493	162	128
2494	161	128
2495	160	128
2496	160	128
2497	158	128
2498	157	128
2499	157	128
2500	157	128
2501	156	128
2502	155	128
2503	153	128
2504	152	128
2505	151	128
2506	151	128
2507	150	128
2508	149	128
2509	147	128
2510	146	128
2511	145	128
2512	144	128
2513	144	128
2514	143	128
2515	142	128
2516	142	128
2517	141	128
2518	140	128
2519	139	128
2520	138	128
2521	137	128
2522	137	128
2523	136	128
2524	135	128
2525	135	128
2526	135	128
2527	134	128
2528	134	128
2529	133	128
2530	133	128
2531	133	128
2532	133	128
2533	132	128
2534	132	128
2535	131	128
2536	131	128
2537	132	128
2538	132	128
2539	132	128
2540	133	128
2541	132	128
2542	133	128
2543	133	129
2544	134	128
2545	134	128
2546	135	128
2547	135	128
2548	135	128
2549	136	128
2550	137	128
2551	137	128
2552	139	128
2553	140	128
2554	140	128
2555	141	128
2556	142	128
2557	143	128
2558	144	128
2559	145	128
2560	146	128
2561	147	128
2562	148	128
2563	149	128
2564	152	128
2565	153	128
2566	153	128
2567	158	128
2568	157	128
2569	159	128
2570	156	128
2571	159	128
2572	160	128
2573	162	128
2574	163	128
2575	164	128
2576	164	128
2577	167	128
2578	168	128
2579	169	128
2580	170	128
2581	170	128
2582	172	128
2583	173	128
2584	175	128
2585	176	128
2586	177	128
2587	177	128
2588	177	128
2589	178	127
2590	180	128
2591	181	128
2592	182	128
2593	182	128
2594	183	128
2595	183	128
2596	185	128
2597	186	128
2598	186	128
2599	187	128
2600	187	128
2601	188	128
2602	189	128
2603	190	128
2604	191	127
2605	191	128
2606	192	127
2607	193	127
2608	193	128
2609	194	128
2610	195	128
2611	195	128
2612	196	128
2613	196	128
2614	196	128
2615	197	127
2616	197	128
2617	197	128
2618	198	128
2619	198	128
2620	198	128
2621	199	128
2622	199	128
2623	198	128
2624	199	128
2625	199	128
2626	199	128
2627	198	128
2628	198	128
2629	198	128
2630	197	128
2631	197	128
2632	196	128
2633	195	128
2634	195	128
2635	193	128
2636	192	128
2637	191	128
2638	190	128
2639	189	128
2640	188	128
2641	188	128
2642	185	128
2643	183	128
2644	180	128
2645	178	128
2646	177	128
2647	174	128
2648	171	128
2649	167	128
2650	162	128
2651	158	128
2652	153	128
2653	146	128
2654	140	128
2655	133	128
2656	129	128
2657	125	128
2658	121	128
2659	117	128
2660	115	128
2661	111	128
2662	109	128
2663	107	128
2664	107	128
2665	106	128
2666	104	128
2667	103	128
2668	102	128
2669	102	128
2670	102	128
2671	103	128
2672	103	128
2673	103	128
2674	103	128
2675	103	128
2676	103	128
2677	103	128
2678	104	128
2679	105	128
2680	105	128
2681	106	128
2682	107	128
2683	107	128
2684	109	128
2685	110	128
2686	111	128
2687	113	128
2688	114	128
2689	115	128
2690	116	128
2691	117	128
2692	119	128
2693	121	128
2694	123	128
2695	124	128
2696	126	128
2697	128	128
2698	129	128
2699	131	128
2700	133	128
2701	135	128
2702	137	128
2703	139	128
2704	140	128
2705	142	128
2706	144	128
2707	145	128
2708	147	128
2709	148	128
2710	150	128
2711	151	128
2712	152	128
2713	153	128
2714	153	128
2715	154	128
2716	155	128
2717	156	128
2718	156	128
2719	156	128
2720	157	128
2721	157	128
2722	157	128
2723	156	128
2724	156	128
2725	156	128
2726	155	128
2727	155	128
2728	155	128
2729	154	128
2730	153	128
2731	152	128
2732	151	128
2733	150	128
2734	149	128
2735	148	128
2736	147	128
2737	146	128
2738	144	128
2739	143	128
2740	142	128
2741	141	128
2742	140	128
2743	138	128
2744	137	129
2745	135	128
2746	134	128
2747	133	128
2748	132	128
2749	131	129
2750	129	128
2751	128	128
2752	127	128
2753	127	128
2754	126	128
2755	125	128
2756	124	128
2757	123	128
2758	122	128
2759	122	128
2760	121	128
2761	114	126
2762	116	129
2763	125	129
2764	128	129
2765	120	128
2766	112	127
2767	118	128
2768	122	128
2769	118	127
2770	117	128
2771	124	128
2772	125	128
2773	119	128
2774	118	128
2775	122	128
2776	120	128
2777	117	128
2778	120	128
2779	122	128
2780	119	128
2781	116	128
2782	119	128
2783	122	128
2784	120	128
2785	120	128
2786	123	128
2787	123	128
2788	121	128
2789	123	129
2790	125	128
2791	123	128
2792	121	128
2793	121	128
2794	121	128
2795	118	129
2796	117	129
2797	117	128
2798	115	128
2799	113	128
2800	111	128
2801	110	128
2802	109	128
2803	107	129
2804	106	129
2805	105	129
2806	102	129
2807	99	129
2808	98	128
2809	96	129
2810	93	129
2811	89	128
2812	87	128
2813	84	129
2814	81	129
2815	79	128
2816	77	128
2817	74	128
2818	70	128
2819	68	128
2820	65	128
2821	63	128
2822	60	128
2823	58	128
2824	55	128
2825	53	128
2826	50	128
2827	48	128
2828	46	128
2829	43	128
2830	41	128
2831	39	128
2832	37	128
2833	35	128
2834	33	128
2835	31	128
2836	29	128
2837	28	128
2838	23	128
2839	21	128
2840	21	128
2841	20	128
2842	19	128
2843	17	128
2844	19	128
2845	17	128
2846	15	128
2847	14	128
2848	14	128
2849	13	128
2850	13	128
2851	12	128
2852	12	128
2853	10	128
2854	10	128
2855	9	128
2856	9	128
2857	8	128
2858	8	128
2859	7	128
2860	7	128
2861	6	128
2862	6	128
2863	5	128
2864	5	128
2865	5	128
2866	4	128
2867	4	128
2868	3	128
2869	3	128
2870	3	128
2871	2	128
2872	2	128
2873	2	128
2874	2	128
2875	1	128
2876	1	128
2877	1	128
2878	0	128
2879	0	128
2880	0	128
2881	0	128
2882	0	128
2883	0	128
2884	0	128
2885	0	128
2886	0	128
2887	0	128
2888	0	128
2889	0	128
2890	0	128
2891	0	128
2892	0	128
2893	0	128
2894	0	128
2895	0	128
2896	0	128
2897	0	128
2898	0	128
2899	0	128
2900	0	128
2901	0	128
2902	0	128
2903	0	128
2904	0	128
2905	0	129
2906	0	128
2907	0	128
2908	0	128
2909	0	128
2910	0	128
2911	0	128
2912	0	128
2913	0	128
2914	0	128
2915	0	128
2916	0	128
2917	0	129
2918	0	128
2919	0	128
2920	0	128
2921	0	128
2922	0	128
2923	0	128
2924	0	128
2925	0	128
2926	0	128
2927	0	128
2928	0	128
2929	0	128
2930	0	128
2931	0	129
2932	0	128
2933	0	128
2934	0	128
2935	0	128
2936	0	128
2937	0	128
2938	0	128
2939	0	128
2940	0	128
2941	0	128
2942	0	128
2943	0	128
2944	0	128
2945	0	128
2946	0	128
2947	0	128
2948	0	128
2949	0	128
2950	0	128
2951	0	128
2952	0	128
2953	0	128
2954	0	128
2955	0	128
2956	0	128
2957	0	128
2958	0	128
2959	0	128
2960	0	128
2961	0	128
2962	0	128
2963	0	128
2964	0	128
2965	0	128
2966	0	128
2967	0	128
2968	0	128
2969	0	128
2970	0	128
2971	0	128
2972	0	128
2973	0	128
2974	0	128
2975	0	128
2976	0	128
2977	0	128
2978	0	128
2979	0	128
2980	0	128
2981	0	128
2982	0	128
2983	0	129
2984	0	128
2985	0	128
2986	0	128
2987	0	128
2988	0	128
2989	0	128
2990	0	128
2991	0	128
2992	0	128
2993	0	128
2994	0	128
2995	0	128
2996	0	128
2997	0	128
2998	0	128
2999	0	128
3000	0	128
3001	0	128
3002	0	128
3003	0	128
3004	0	128
3005	0	128
3006	0	128
3007	0	128
3008	0	128
3009	0	128
3010	0	128
3011	0	129
3012	0	128
3013	0	128
3014	0	128
3015	0	128
3016	0	128
3017	0	128
3018	0	128
3019	0	128
3020	0	128
3021	0	128
3022	0	128
3023	0	128
3024	0	128
3025	0	128
3026	0	128
3027	0	128
3028	0	128
3029	0	128
3030	0	128
3031	0	128
3032	0	128
3033	0	128
3034	0	128
3035	0	128
3036	0	128
3037	0	128
3038	0	128
3039	0	128
3040	0	128
3041	0	128
3042	0	128
3043	0	128
3044	0	128
3045	0	128
3046	0	128
3047	0	128
3048	0	128
3049	0	128
3050	0	128
3051	0	128
3052	0	128
3053	0	128
3054	0	128
3055	0	128
3056	0	128
3057	0	128
3058	0	128
3059	0	128
3060	0	128
3061	0	128
3062	0	128
3063	0	128
3064	0	128
3065	0	128
3066	0	128
3067	0	128
3068	0	128
3069	0	128
3070	0	128
3071	0	128
3072	0	128
3073	0	127
3074	0	128
3075	0	128
3076	0	128
3077	0	128
3078	0	128
3079	0	128
3080	0	128
3081	0	128
3082	0	128
3083	0	127
3084	0	128
3085	0	128
3086	0	128
3087	0	128
3088	0	128
3089	0	128
3090	0	128
3091	0	128
3092	0	128
3093	0	127
3094	0	128
3095	0	128
3096	0	128
3097	0	128
3098	0	128
3099	0	128
3100	0	128
3101	0	128
3102	0	128
3103	0	128
3104	0	128
3105	0	128
3106	0	128
3107	0	128
3108	0	128
3109	0	128
3110	0	128
3111	0	128
3112	0	128
3113	0	128
3114	0	128
3115	0	128
3116	0	128
3117	0	128
3118	0	128
3119	0	128
3120	0	128
3121	0	128
3122	0	128
3123	0	128
3124	0	128
3125	0	128
3126	0	128
3127	0	128
3128	0	128
3129	0	128
3130	0	128
3131	0	128
3132	0	128
3133	0	128
3134	0	128
3135	0	128
3136	0	128
3137	0	128
3138	0	128
3139	0	128
3140	0	128
3141	0	128
3142	0	128
3143	0	128
3144	0	128
3145	0	128
3146	0	128
3147	0	128
3148	0	128
3149	0	128
3150	0	128
3151	0	128
3152	0	128
3153	0	128
3154	0	128
3155	0	128
3156	0	128
3157	0	128
3158	0	128
3159	0	128
3160	0	128
3161	0	128
3162	0	128
3163	0	128
3164	0	128
3165	0	128
3166	0	128
3167	0	128
3168	0	128
3169	0	128
3170	0	128
3171	0	128
3172	0	128
3173	0	128
3174	0	128
3175	0	128
3176	0	128
3177	0	128
3178	0	129
3179	0	128
3180	0	128
3181	0	128
3182	0	128
3183	0	128
3184	0	128
3185	0	128
3186	0	128
3187	0	129
3188	0	128
3189	0	128
3190	0	128
3191	0	128
3192	0	128
3193	0	128
3194	0	128
3195	0	128
3196	0	129
3197	0	129
3198	0	128
3199	0	128
3200	0	128
3201	0	128
3202	0	128
3203	0	128
3204	0	128
3205	0	128
3206	0	128
3207	0	128
3208	0	128
3209	0	128
3210	0	128
3211	0	128
3212	0	128
3213	0	128
3214	0	128
3215	0	128
3216	0	128
3217	0	128
3218	0	128
3219	0	128
3220	0	128
3221	0	128
3222	0	128
3223	0	128
3224	0	128
3225	0	128
3226	0	128
3227	0	128
3228	0	128
3229	0	128
3230	0	128
3231	0	128
3232	0	128
3233	0	128
3234	0	127
3235	0	128
3236	0	128
3237	0	128
3238	0	128
3239	0	127
3240	0	128
3241	0	128
3242	0	128
3243	0	128
3244	0	128
3245	0	128
3246	0	127
3247	0	128
3248	0	128
3249	0	128
3250	0	128
3251	0	128
3252	0	128
3253	0	128
3254	0	128
3255	0	128
3256	0	128
3257	0	128
3258	0	128
3259	0	128
3260	0	128
3261	0	128
3262	0	128
3263	0	128
3264	0	128
3265	0	128
3266	0	128
3267	0	128
3268	0	128
3269	0	128
3270	0	127
3271	0	128
3272	0	128
3273	0	128
3274	0	128
3275	0	128
3276	0	128
3277	0	128
3278	0	128
3279	0	128
3280	0	128
3281	0	128
3282	0	128
3283	0	128
3284	0	128
3285	0	128
3286	0	128
3287	0	128
3288	0	128
3289	0	128
3290	0	128
3291	0	128
3292	0	128
3293	0	128
3294	0	128
3295	0	128
3296	0	128
3297	0	128
3298	0	128
3299	0	128
3300	0	128
3301	0	128
3302	0	128
3303	0	128
3304	0	128
3305	0	128
3306	0	128
3307	0	128
3308	0	128
3309	0	128
3310	0	128
3311	0	128
3312	0	128
3313	0	128
3314	0	128
3315	0	128
3316	0	128
3317	0	128
3318	0	128
3319	0	128
3320	0	128
3321	0	128
3322	0	128
3323	0	128
3324	0	128
3325	0	128
3326	0	128
3327	0	128
3328	0	128
3329	0	128
3330	0	128
3331	0	128
3332	0	127
3333	0	128
3334	0	128
3335	0	128
3336	0	128
3337	0	128
3338	0	128
3339	0	128
3340	0	128
3341	0	127
3342	0	128
3343	0	128
3344	0	128
3345	0	128
3346	0	128
3347	0	128
3348	0	128
3349	0	128
3350	0	128
3351	0	128
3352	0	128
3353	0	128
3354	0	128
3355	0	128
3356	0	128
3357	0	128
3358	0	128
3359	0	128
3360	0	128
3361	0	128
3362	0	128
3363	0	128
3364	0	128
3365	0	128
3366	0	128
3367	0	128
3368	0	128
3369	0	128
3370	0	128
3371	0	128
3372	0	128
3373	0	128
3374	0	128
3375	0	128
3376	0	128
3377	3	128
3378	7	128
3379	12	128
3380	21	128
3381	41	128
3382	126	127
3383	255	128
3384	255	128
3385	255	128
3386	255	128
3387	255	128
3388	255	129
3389	178	128
3390	143	128
3391	195	128
3392	255	128
3393	255	128
3394	255	128
3395	255	128
3396	255	128
3397	255	128
3398	255	128
3399	255	128
3400	255	128
3401	255	128
3402	255	129
3403	255	129
3404	255	128
3405	255	128
3406	255	128
3407	255	128
3408	255	128
3409	255	128
3410	255	129
3411	255	128
3412	255	128
3413	255	128
3414	255	128
3415	241	128
3416	238	128
3417	237	128
3418	232	128
3419	220	128
3420	205	128
3421	195	128
3422	192	128
3423	193	128
3424	193	128
3425	188	128
3426	180	128
3427	173	128
3428	170	128
3429	170	128
3430	171	128
3431	169	128
3432	165	128
3433	160	128
3434	157	129
3435	156	128
3436	156	128
3437	155	128
3438	151	128
3439	147	128
3440	143	128
3441	141	128
3442	140	128
3443	139	128
3444	137	128
3445	135	128
3446	132	128
3447	131	128
3448	130	128
3449	129	128
3450	129	128
3451	127	128
3452	126	128
3453	125	128
3454	125	128
3455	124	128
3456	124	128
3457	124	128
3458	123	128
3459	123	128
3460	122	128
3461	123	128
3462	125	128
3463	125	128
3464	123	128
3465	122	128
3466	122	128
3467	121	128
3468	121	128
3469	120	128
3470	120	128
3471	120	128
3472	120	128
3473	120	128
3474	120	128
3475	120	128
3476	120	128
3477	121	128
3478	122	128
3479	123	128
3480	123	128
3481	124	128
3482	124	128
3483	125	128
3484	127	128
3485	129	128
3486	130	128
3487	132	128
3488	133	128
3489	134	128
3490	135	128
3491	137	128
3492	139	128
3493	141	128
3494	142	128
3495	143	128
3496	144	128
3497	145	128
3498	146	128
3499	148	128
3500	149	128
3501	150	128
3502	151	128
3503	152	128
3504	153	128
3505	154	128
3506	154	128
3507	155	128
3508	154	128
3509	154	128
3510	154	128
3511	154	128
3512	153	128
3513	152	128
3514	151	128
3515	150	128
3516	150	128
3517	149	128
3518	148	128
3519	147	128
3520	147	128
3521	145	128
3522	145	128
3523	145	128
3524	145	128
3525	144	128
3526	143	128
3527	143	128
3528	143	128
3529	143	128
3530	143	128
3531	143	128
3532	144	128
3533	143	128
3534	143	128
3535	144	128
3536	144	128
3537	145	128
3538	145	128
3539	145	128
3540	145	128
3541	145	128
3542	144	128
3543	145	128
3544	145	128
3545	145	128
3546	145	128
3547	145	128
3548	145	128
3549	145	128
3550	146	128
3551	146	128
3552	147	128
3553	148	128
3554	149	128
3555	150	128
3556	150	128
3557	151	128
3558	152	128
3559	153	128
3560	154	128
3561	155	128
3562	156	128
3563	157	129
3564	157	128
3565	158	128
3566	159	128
3567	161	128
3568	161	128
3569	163	128
3570	164	128
3571	164	128
3572	165	128
3573	166	128
3574	167	128
3575	167	128
3576	169	128
3577	169	128
3578	170	128
3579	171	128
3580	171	128
3581	172	128
3582	173	128
3583	174	128
3584	175	129
3585	175	128
3586	175	128
3587	175	128
3588	176	128
3589	177	128
3590	177	128
3591	178	128
3592	178	128
3593	179	128
3594	179	128
3595	180	128
3596	180	128
3597	180	128
3598	180	128
3599	181	128
3600	181	128
3601	181	128
3602	180	128
3603	180	128
3604	180	128
3605	180	128
3606	179	128
3607	179	128
3608	179	128
3609	178	128
3610	178	128
3611	177	128
3612	176	128
3613	175	128
3614	175	128
3615	174	128
3616	173	128
3617	172	128
3618	171	128
3619	169	128
3620	169	128
3621	169	129
3622	167	128
3623	166	128
3624	165	128
3625	163	128
3626	163	128
3627	162	128
3628	160	128
3629	158	128
3630	157	128
3631	157	128
3632	155	128
3633	154	128
3634	153	128
3635	151	128
3636	150	128
3637	148	129
3638	147	128
3639	147	128
3640	145	128
3641	144	128
3642	143	128
3643	142	128
3644	141	128
3645	140	128
3646	139	128
3647	138	128
3648	137	128
3649	137	128
3650	136	128
3651	136	128
3652	135	128
3653	135	129
3654	135	128
3655	135	128
3656	135	128
3657	134	129
3658	134	128
3659	137	128
3660	135	128
3661	133	128
3662	131	128
3663	133	128
3664	136	128
3665	136	128
3666	136	128
3667	134	129
3668	134	128
3669	134	128
3670	135	129
3671	135	129
3672	136	128
3673	135	128
3674	135	129
3675	134	128
3676	134	128
3677	134	128
3678	135	129
3679	135	128
3680	134	129
3681	133	128
3682	133	128
3683	134	128
3684	133	128
3685	133	128
3686	132	128
3687	132	129
3688	132	128
3689	132	128
3690	133	128
3691	133	128
3692	133	128
3693	133	128
3694	133	128
3695	133	128
3696	133	128
3697	134	128
3698	134	128
3699	134	128
3700	134	128
3701	134	128
3702	135	128
3703	136	128
3704	136	128
3705	136	129
3706	136	128
3707	136	128
3708	137	128
3709	138	128
3710	139	128
3711	139	128
3712	140	128
3713	140	128
3714	141	128
3715	142	128
3716	143	128
3717	144	128
3718	144	128
3719	145	128
3720	146	128
3721	147	128
3722	148	128
3723	149	128
3724	149	128
3725	151	128
3726	151	128
3727	152	128
3728	153	128
3729	153	128
3730	153	128
3731	153	128
3732	153	128
3733	154	128
3734	154	128
3735	152	128
3736	152	128
3737	153	128
3738	155	128
3739	156	128
3740	156	128
3741	155	128
3742	155	128
3743	155	128
3744	156	128
3745	157	128
3746	157	128
3747	157	128
3748	157	128
3749	157	128
3750	158	128
3751	158	128
3752	158	128
3753	158	128
3754	159	128
3755	160	128
3756	159	128
3757	158	128
3758	157	128
3759	158	128
3760	158	128
3761	157	128
3762	157	128
3763	157	128
3764	156	128
3765	156	128
3766	155	128
3767	155	128
3768	154	128
3769	153	128
3770	153	128
3771	151	128
3772	150	128
3773	149	128
3774	148	128
3775	147	128
3776	145	128
3777	144	128
3778	143	128
3779	143	128
3780	141	128
3781	140	128
3782	139	128
3783	137	128
3784	137	128
3785	136	128
3786	135	128
3787	134	128
3788	133	128
3789	131	128
3790	131	128
3791	131	128
3792	130	128
3793	129	128
3794	128	128
3795	128	128
3796	127	128
3797	127	128
3798	127	128
3799	127	128
3800	127	128
3801	127	128
3802	126	128
3803	126	128
3804	126	128
3805	127	128
3806	127	128
3807	128	128
3808	128	128
3809	128	128
3810	129	128
3811	129	128
3812	131	128
3813	132	128
3814	132	128
3815	133	128
3816	133	128
3817	134	128
3818	135	128
3819	136	128
3820	137	128
3821	137	128
3822	138	128
3823	138	128
3824	139	128
3825	141	128
3826	141	128
3827	142	128
3828	143	128
3829	142	128
3830	143	128
3831	144	128
3832	144	128
3833	145	128
3834	145	128
3835	145	128
3836	145	128
3837	145	128
3838	145	128
3839	145	128
3840	145	128
3841	145	128
3842	145	128
3843	145	128
3844	145	128
3845	146	128
3846	146	128
3847	145	128
3848	145	128
3849	145	128
3850	144	129
3851	144	128
3852	143	128
3853	143	128
3854	143	128
3855	143	128
3856	142	128
3857	142	128
3858	141	128
3859	141	128
3860	140	128
3861	139	128
3862	139	128
3863	139	128
3864	138	128
3865	138	128
3866	137	128
3867	137	129
3868	137	129
3869	136	129
3870	136	129
3871	136	128
3872	135	129
3873	135	128
3874	135	128
3875	135	128
3876	135	128
3877	135	128
3878	134	128
3879	135	128
3880	135	128
3881	135	128
3882	135	129
3883	135	129
3884	135	128
3885	135	129
3886	135	129
3887	135	128
3888	136	128
3889	136	128
3890	137	128
3891	137	129
3892	137	128
3893	137	128
3894	137	128
3895	138	128
3896	138	129
3897	139	129
3898	139	128
3899	140	129
3900	140	129
3901	141	128
3902	141	128
3903	141	128
3904	142	128
3905	143	128
3906	143	128
3907	143	129
3908	143	128
3909	143	128
3910	144	128
3911	145	128
3912	145	128
3913	145	128
3914	146	129
3915	146	128
3916	146	128
3917	146	129
3918	147	128
3919	147	128
3920	148	128
3921	148	129
3922	147	128
3923	147	128
3924	148	129
3925	148	129
3926	149	128
3927	149	128
3928	149	128
3929	148	128
3930	147	128
3931	149	128
3932	150	128
3933	151	128
3934	153	128
3935	149	128
3936	150	128
3937	147	128
3938	149	128
3939	147	128
3940	148	128
3941	147	128
3942	146	128
3943	145	128
3944	146	128
3945	147	128
3946	147	128
3947	146	128
3948	145	128
3949	144	128
3950	144	128
3951	145	128
3952	145	128
3953	145	128
3954	143	128
3955	143	128
3956	143	128
3957	143	128
3958	143	128
3959	143	128
3960	142	128
3961	141	128
3962	141	128
3963	141	128
3964	141	128
3965	141	128
3966	140	128
3967	140	128
3968	139	128
3969	140	128
3970	139	128
3971	139	128
3972	139	128
3973	139	128
3974	139	129
3975	139	128
3976	139	128
3977	139	128
3978	138	128
3979	138	128
3980	138	128
3981	138	128
3982	138	129
3983	138	129
3984	139	129
3985	138	129
3986	138	129
3987	138	128
3988	139	129
3989	139	129
3990	139	129
3991	139	128
3992	139	128
3993	139	128
3994	140	128
3995	140	128
3996	140	128
3997	141	129
3998	141	128
3999	141	128
4000	141	128
4001	142	128
4002	142	128
4003	142	128
4004	143	128
4005	143	128
4006	143	128
4007	144	128
4008	146	128
4009	146	128
4010	145	129
4011	144	128
4012	144	128
4013	145	128
4014	146	128
4015	146	128
4016	147	129
4017	147	128
4018	147	128
4019	148	128
4020	148	128
4021	148	128
4022	148	128
4023	148	128
4024	148	128
4025	149	128
4026	149	128
4027	149	128
4028	148	128
4029	147	128
4030	148	128
4031	149	128
4032	149	128
4033	149	128
4034	148	128
4035	148	128
4036	147	128
4037	147	128
4038	147	128
4039	147	128
4040	146	128
4041	145	128
4042	145	128
4043	144	128
4044	144	128
4045	143	128
4046	143	128
4047	143	128
4048	143	128
4049	141	128
4050	141	128
4051	141	128
4052	140	128
4053	140	128
4054	140	128
4055	139	128
4056	139	128
4057	139	128
4058	138	128
4059	138	129
4060	138	128
4061	138	128
4062	138	128
4063	137	129
4064	137	128
4065	137	128
4066	137	128
4067	137	128
4068	137	128
4069	137	128
4070	137	128
4071	137	128
4072	137	128
4073	137	128
4074	137	128
4075	137	128
4076	137	128
4077	137	128
4078	138	128
4079	138	128
4080	138	128
4081	138	129
4082	139	128
4083	139	128
4084	139	129
4085	140	128
4086	140	128
4087	140	128
4088	140	128
4089	141	128
4090	141	128
4091	142	128
4092	142	128
4093	142	128
4094	142	129
4095	143	128
