
TIME STEP:
125 = 20us

VOLTAGE STEP:
CH1:  32 = 50mV
CH2:  32 = 15mV
GND	-23	128
N	CH1	CH2

0	118	128
1	113	128
2	108	128
3	104	128
4	100	128
5	97	128
6	93	128
7	90	128
8	87	128
9	85	128
10	82	128
11	80	128
12	79	128
13	76	128
14	76	128
15	78	128
16	76	128
17	68	128
18	67	128
19	69	128
20	71	128
21	71	128
22	71	128
23	72	128
24	71	128
25	73	128
26	73	128
27	74	128
28	75	128
29	77	128
30	77	128
31	79	128
32	80	128
33	83	128
34	84	128
35	87	128
36	90	128
37	93	128
38	96	128
39	99	128
40	103	127
41	106	128
42	110	128
43	114	128
44	119	128
45	123	128
46	129	128
47	134	128
48	139	128
49	144	127
50	149	128
51	155	128
52	161	128
53	167	128
54	173	128
55	179	128
56	185	128
57	191	128
58	197	128
59	204	128
60	210	128
61	215	128
62	220	128
63	225	128
64	231	128
65	235	128
66	239	128
67	243	128
68	245	128
69	247	128
70	249	128
71	251	128
72	251	128
73	251	128
74	251	128
75	249	128
76	247	128
77	245	128
78	243	128
79	239	128
80	235	128
81	231	128
82	226	129
83	222	128
84	217	128
85	212	128
86	207	128
87	201	128
88	195	128
89	191	128
90	186	128
91	182	128
92	174	128
93	168	128
94	163	128
95	159	128
96	156	128
97	151	128
98	147	129
99	143	128
100	138	129
101	134	128
102	131	128
103	128	128
104	125	128
105	122	128
106	118	128
107	115	128
108	112	129
109	110	128
110	109	128
111	107	128
112	103	128
113	103	128
114	102	128
115	101	128
116	98	128
117	97	128
118	97	128
119	96	128
120	95	129
121	94	128
122	94	128
123	94	129
124	94	128
125	94	128
126	94	128
127	94	128
128	95	128
129	95	128
130	95	128
131	97	128
132	97	128
133	99	128
134	100	128
135	101	128
136	102	128
137	104	128
138	106	128
139	108	128
140	110	129
141	112	128
142	114	128
143	116	128
144	120	128
145	122	128
146	125	128
147	128	128
148	131	129
149	134	128
150	136	128
151	139	128
152	143	128
153	147	128
154	151	128
155	154	128
156	157	128
157	161	128
158	164	128
159	168	127
160	172	128
161	175	128
162	179	128
163	182	128
164	185	128
165	188	128
166	191	128
167	194	129
168	197	128
169	198	129
170	201	128
171	203	129
172	204	128
173	206	128
174	207	128
175	208	129
176	209	128
177	209	128
178	209	128
179	209	129
180	208	129
181	207	128
182	206	129
183	205	128
184	203	129
185	201	128
186	199	128
187	197	129
188	195	128
189	193	129
190	190	129
191	187	128
192	185	128
193	182	128
194	179	128
195	176	128
196	173	128
197	170	128
198	166	128
199	163	128
200	160	128
201	157	129
202	155	128
203	152	128
204	149	128
205	146	128
206	143	128
207	141	128
208	138	128
209	136	128
210	134	128
211	132	128
212	129	128
213	127	128
214	125	128
215	123	128
216	121	128
217	120	128
218	119	128
219	117	128
220	115	128
221	114	128
222	113	128
223	113	128
224	112	127
225	111	128
226	110	128
227	109	128
228	109	128
229	109	128
230	109	128
231	109	128
232	109	128
233	109	128
234	109	128
235	109	128
236	110	128
237	111	128
238	112	128
239	112	128
240	114	128
241	114	128
242	115	128
243	117	128
244	118	128
245	119	128
246	121	128
247	123	128
248	125	129
249	126	128
250	128	128
251	130	128
252	133	128
253	135	128
254	137	128
255	140	128
256	142	128
257	144	128
258	147	128
259	149	128
260	152	128
261	154	129
262	157	128
263	159	129
264	162	128
265	165	128
266	167	129
267	170	128
268	172	128
269	174	128
270	177	128
271	179	129
272	182	128
273	183	128
274	185	128
275	187	128
276	188	128
277	189	128
278	191	128
279	192	128
280	193	129
281	193	128
282	194	128
283	195	128
284	194	128
285	191	128
286	187	128
287	191	128
288	192	128
289	192	128
290	189	128
291	191	128
292	188	128
293	187	128
294	184	128
295	182	128
296	182	128
297	181	128
298	177	128
299	175	128
300	173	128
301	171	128
302	169	128
303	166	128
304	164	128
305	162	128
306	160	128
307	157	128
308	155	128
309	152	128
310	150	128
311	148	128
312	147	129
313	144	128
314	142	128
315	140	128
316	139	128
317	137	128
318	135	128
319	133	128
320	131	128
321	130	128
322	129	128
323	128	128
324	127	128
325	125	128
326	125	128
327	124	128
328	124	128
329	123	128
330	122	128
331	121	128
332	121	128
333	120	128
334	120	128
335	121	128
336	121	128
337	121	128
338	121	128
339	121	128
340	121	128
341	122	128
342	123	129
343	124	128
344	125	128
345	125	128
346	126	128
347	127	128
348	129	128
349	130	128
350	131	128
351	133	128
352	134	128
353	135	128
354	137	128
355	139	128
356	140	128
357	142	128
358	144	128
359	145	128
360	147	128
361	148	128
362	149	128
363	152	129
364	155	129
365	157	128
366	159	128
367	161	128
368	162	128
369	164	128
370	165	128
371	166	128
372	168	128
373	169	129
374	171	129
375	172	129
376	173	129
377	174	128
378	175	129
379	176	128
380	176	129
381	177	128
382	178	128
383	177	128
384	177	128
385	176	128
386	177	128
387	176	128
388	176	128
389	174	129
390	174	128
391	173	128
392	172	128
393	171	128
394	169	128
395	167	128
396	166	129
397	165	129
398	163	128
399	162	129
400	160	128
401	158	128
402	156	128
403	154	128
404	152	128
405	150	128
406	149	128
407	146	128
408	144	128
409	142	128
410	141	128
411	139	128
412	137	128
413	135	128
414	134	128
415	132	128
416	130	128
417	129	128
418	127	128
419	126	128
420	125	128
421	123	128
422	121	128
423	121	128
424	119	128
425	118	128
426	117	128
427	117	128
428	116	128
429	115	128
430	114	128
431	113	128
432	113	128
433	113	128
434	112	128
435	112	128
436	111	128
437	111	128
438	111	128
439	111	128
440	111	128
441	111	128
442	111	128
443	111	128
444	111	128
445	111	128
446	112	128
447	113	128
448	113	128
449	113	128
450	114	128
451	115	128
452	115	128
453	115	128
454	116	128
455	117	128
456	118	128
457	119	128
458	120	128
459	120	128
460	121	128
461	122	128
462	123	128
463	123	128
464	124	128
465	125	128
466	125	128
467	125	128
468	126	128
469	126	128
470	127	128
471	127	128
472	128	128
473	128	128
474	129	128
475	129	128
476	130	128
477	130	128
478	131	128
479	132	128
480	133	128
481	134	128
482	134	128
483	135	128
484	136	128
485	137	128
486	138	128
487	139	128
488	140	128
489	141	128
490	141	128
491	142	128
492	143	128
493	145	128
494	145	128
495	146	128
496	147	128
497	147	128
498	149	128
499	149	128
500	149	129
501	150	128
502	150	128
503	151	129
504	151	128
505	151	128
506	151	128
507	151	129
508	151	128
509	151	128
510	150	128
511	150	129
512	149	128
513	149	128
514	148	128
515	148	128
516	147	128
517	147	128
518	146	128
519	145	128
520	144	128
521	143	128
522	143	128
523	143	128
524	142	128
525	141	128
526	140	128
527	139	128
528	139	128
529	139	128
530	138	128
531	137	128
532	137	128
533	136	128
534	135	128
535	135	128
536	134	128
537	133	128
538	133	128
539	132	128
540	132	128
541	132	128
542	131	128
543	131	128
544	130	128
545	130	128
546	130	128
547	130	128
548	130	128
549	129	128
550	129	128
551	130	128
552	130	128
553	130	128
554	130	128
555	133	128
556	133	128
557	132	128
558	136	128
559	137	128
560	139	128
561	135	128
562	137	128
563	138	128
564	140	128
565	141	128
566	143	128
567	143	128
568	147	128
569	148	128
570	150	128
571	152	128
572	153	128
573	156	128
574	158	128
575	160	128
576	162	128
577	165	128
578	168	128
579	170	128
580	172	128
581	175	128
582	177	128
583	180	128
584	182	128
585	184	128
586	186	128
587	187	128
588	189	128
589	190	128
590	191	128
591	190	128
592	190	128
593	191	128
594	191	128
595	190	128
596	189	128
597	189	128
598	188	128
599	187	128
600	187	128
601	186	128
602	184	128
603	182	128
604	180	128
605	179	128
606	177	128
607	175	128
608	173	128
609	171	128
610	168	128
611	165	128
612	163	128
613	161	128
614	159	128
615	157	128
616	155	128
617	153	128
618	151	128
619	150	128
620	148	128
621	146	128
622	144	128
623	142	128
624	140	128
625	139	128
626	137	128
627	136	128
628	135	128
629	134	128
630	133	128
631	133	128
632	132	128
633	133	128
634	132	128
635	132	128
636	131	128
637	129	128
638	129	128
639	129	128
640	129	128
641	129	128
642	129	128
643	129	128
644	129	128
645	129	128
646	129	128
647	129	128
648	129	128
649	130	128
650	130	128
651	130	128
652	130	128
653	131	128
654	131	128
655	131	128
656	131	128
657	132	128
658	133	128
659	133	128
660	133	128
661	133	128
662	134	128
663	134	128
664	134	128
665	134	128
666	134	128
667	133	128
668	133	128
669	133	128
670	133	128
671	133	128
672	134	128
673	134	128
674	134	128
675	135	128
676	136	128
677	136	128
678	137	128
679	137	128
680	138	128
681	139	128
682	139	129
683	140	128
684	140	128
685	140	128
686	140	128
687	140	128
688	139	128
689	139	128
690	138	128
691	137	128
692	136	128
693	135	128
694	134	128
695	133	128
696	132	128
697	131	128
698	131	128
699	130	128
700	129	128
701	129	128
702	128	128
703	129	128
704	129	128
705	129	128
706	129	128
707	130	128
708	130	128
709	131	129
710	132	128
711	133	128
712	133	128
713	134	128
714	135	128
715	135	128
716	136	128
717	137	128
718	137	128
719	138	128
720	139	128
721	139	128
722	139	128
723	140	128
724	141	128
725	140	128
726	140	128
727	139	128
728	140	128
729	140	128
730	139	128
731	139	128
732	138	128
733	138	128
734	137	128
735	137	128
736	138	129
737	138	128
738	138	128
739	137	128
740	138	128
741	138	128
742	139	128
743	139	128
744	140	128
745	140	128
746	141	128
747	141	128
748	141	128
749	142	128
750	142	128
751	142	128
752	143	128
753	143	128
754	143	128
755	142	128
756	141	128
757	140	128
758	139	128
759	138	128
760	137	128
761	135	128
762	134	128
763	133	128
764	133	128
765	132	128
766	131	128
767	129	128
768	128	128
769	128	128
770	127	128
771	127	128
772	126	128
773	126	128
774	126	128
775	126	128
776	126	128
777	126	128
778	127	128
779	127	128
780	128	128
781	128	128
782	129	128
783	130	128
784	131	128
785	133	128
786	134	128
787	135	128
788	136	128
789	137	128
790	137	128
791	138	128
792	140	128
793	141	128
794	142	128
795	143	128
796	143	128
797	144	128
798	145	128
799	145	128
800	146	128
801	146	128
802	146	128
803	146	128
804	146	128
805	147	128
806	147	128
807	147	128
808	147	128
809	147	128
810	148	128
811	148	128
812	148	128
813	148	128
814	148	128
815	148	128
816	148	128
817	148	128
818	148	128
819	148	128
820	148	128
821	148	128
822	148	128
823	148	128
824	148	128
825	147	128
826	149	128
827	154	128
828	153	128
829	147	128
830	146	128
831	149	128
832	149	128
833	148	128
834	148	128
835	149	128
836	149	128
837	149	128
838	147	128
839	148	128
840	147	128
841	148	128
842	148	128
843	147	128
844	147	128
845	147	128
846	146	128
847	145	128
848	145	128
849	145	128
850	145	128
851	145	128
852	145	128
853	144	128
854	143	128
855	143	128
856	143	128
857	143	128
858	142	127
859	142	128
860	142	128
861	142	128
862	141	128
863	141	128
864	141	128
865	141	128
866	140	128
867	140	128
868	140	128
869	141	128
870	140	128
871	140	128
872	139	128
873	140	128
874	140	128
875	141	128
876	141	128
877	141	128
878	141	128
879	142	128
880	142	128
881	142	128
882	143	128
883	144	128
884	144	128
885	144	128
886	144	128
887	145	128
888	145	128
889	146	128
890	146	128
891	147	128
892	147	128
893	147	128
894	147	128
895	147	128
896	148	129
897	149	128
898	149	128
899	149	128
900	150	128
901	150	128
902	151	128
903	152	128
904	151	128
905	149	128
906	150	128
907	151	128
908	152	128
909	151	128
910	151	128
911	151	128
912	151	128
913	150	128
914	150	128
915	150	128
916	149	128
917	149	128
918	148	128
919	148	128
920	147	128
921	147	128
922	146	128
923	145	128
924	144	128
925	145	128
926	146	128
927	146	128
928	145	128
929	145	128
930	146	128
931	146	128
932	146	128
933	146	128
934	147	128
935	147	128
936	148	128
937	149	128
938	149	128
939	149	128
940	150	128
941	151	128
942	151	128
943	153	128
944	153	128
945	154	128
946	155	128
947	155	128
948	156	128
949	157	128
950	158	128
951	158	128
952	159	128
953	159	128
954	160	128
955	161	128
956	162	128
957	162	128
958	163	128
959	163	128
960	164	128
961	164	128
962	165	128
963	166	128
964	166	128
965	166	128
966	167	128
967	168	128
968	168	128
969	169	128
970	169	128
971	169	128
972	170	128
973	171	128
974	171	128
975	171	128
976	171	128
977	172	128
978	172	128
979	173	128
980	173	128
981	173	128
982	172	128
983	172	129
984	173	128
985	173	128
986	173	128
987	173	128
988	173	128
989	172	128
990	172	128
991	172	128
992	172	128
993	172	128
994	171	128
995	170	128
996	170	128
997	169	128
998	169	128
999	168	128
1000	168	128
1001	167	128
1002	166	128
1003	165	128
1004	165	128
1005	163	128
1006	162	128
1007	161	128
1008	161	128
1009	160	128
1010	159	128
1011	159	128
1012	157	128
1013	156	128
1014	155	128
1015	155	128
1016	154	128
1017	153	128
1018	152	128
1019	151	128
1020	150	128
1021	149	128
1022	158	128
1023	142	127
1024	140	128
1025	148	128
1026	149	128
1027	140	129
1028	140	127
1029	146	128
1030	143	128
1031	139	128
1032	144	127
1033	148	128
1034	143	128
1035	139	128
1036	141	128
1037	141	128
1038	137	128
1039	137	128
1040	140	128
1041	137	129
1042	133	128
1043	135	128
1044	137	128
1045	135	128
1046	134	128
1047	136	128
1048	136	129
1049	133	128
1050	133	128
1051	134	128
1052	132	129
1053	130	128
1054	128	129
1055	127	128
1056	124	128
1057	122	128
1058	121	128
1059	118	128
1060	115	129
1061	113	129
1062	112	129
1063	110	129
1064	107	129
1065	105	128
1066	103	129
1067	100	129
1068	97	128
1069	95	128
1070	92	129
1071	89	128
1072	86	128
1073	83	128
1074	79	129
1075	76	128
1076	73	128
1077	70	128
1078	66	128
1079	63	128
1080	60	128
1081	57	128
1082	55	128
1083	52	128
1084	49	128
1085	46	128
1086	44	128
1087	41	128
1088	39	128
1089	36	128
1090	34	129
1091	32	128
1092	29	128
1093	27	128
1094	24	128
1095	23	128
1096	20	128
1097	17	128
1098	15	128
1099	15	128
1100	11	128
1101	9	128
1102	9	128
1103	11	128
1104	9	128
1105	8	128
1106	6	128
1107	5	128
1108	7	128
1109	5	128
1110	3	128
1111	4	128
1112	3	128
1113	2	128
1114	2	128
1115	0	128
1116	0	128
1117	0	128
1118	0	128
1119	0	128
1120	0	128
1121	0	128
1122	0	128
1123	0	128
1124	0	128
1125	0	128
1126	0	128
1127	0	128
1128	0	128
1129	0	128
1130	0	128
1131	0	128
1132	0	128
1133	0	128
1134	0	128
1135	0	128
1136	0	128
1137	0	128
1138	0	128
1139	0	128
1140	0	128
1141	0	128
1142	0	128
1143	0	127
1144	0	128
1145	0	128
1146	0	128
1147	0	128
1148	0	128
1149	0	128
1150	0	128
1151	0	128
1152	0	128
1153	0	128
1154	0	128
1155	0	128
1156	0	128
1157	0	128
1158	0	128
1159	0	128
1160	0	128
1161	0	128
1162	0	128
1163	0	128
1164	0	128
1165	0	128
1166	0	128
1167	0	128
1168	0	128
1169	0	128
1170	0	128
1171	0	128
1172	0	128
1173	0	128
1174	0	128
1175	0	128
1176	0	128
1177	0	128
1178	0	128
1179	0	128
1180	0	128
1181	0	128
1182	0	128
1183	0	128
1184	0	128
1185	0	128
1186	0	128
1187	0	128
1188	0	128
1189	0	128
1190	0	128
1191	0	128
1192	0	128
1193	0	128
1194	0	128
1195	0	128
1196	0	128
1197	0	128
1198	0	128
1199	0	128
1200	0	128
1201	0	128
1202	0	128
1203	0	128
1204	0	128
1205	0	128
1206	0	128
1207	0	128
1208	0	128
1209	0	128
1210	0	128
1211	0	128
1212	0	128
1213	0	128
1214	0	128
1215	0	128
1216	0	128
1217	0	128
1218	0	128
1219	0	128
1220	0	128
1221	0	128
1222	0	128
1223	0	128
1224	0	128
1225	0	128
1226	0	128
1227	0	128
1228	0	128
1229	0	128
1230	0	128
1231	0	128
1232	0	128
1233	0	128
1234	0	128
1235	0	128
1236	0	128
1237	0	128
1238	0	128
1239	0	128
1240	0	128
1241	0	128
1242	0	128
1243	0	128
1244	0	128
1245	0	128
1246	0	128
1247	0	128
1248	0	129
1249	0	128
1250	0	128
1251	0	128
1252	0	128
1253	0	128
1254	0	128
1255	0	128
1256	0	128
1257	0	128
1258	0	128
1259	0	128
1260	0	128
1261	0	128
1262	0	128
1263	0	128
1264	0	128
1265	0	128
1266	0	128
1267	0	128
1268	0	128
1269	0	128
1270	0	128
1271	0	128
1272	0	128
1273	0	128
1274	0	128
1275	0	128
1276	0	128
1277	0	128
1278	0	128
1279	0	128
1280	0	128
1281	0	128
1282	0	128
1283	0	128
1284	0	128
1285	0	128
1286	0	128
1287	0	128
1288	0	128
1289	0	128
1290	0	128
1291	0	128
1292	0	128
1293	0	128
1294	0	128
1295	0	128
1296	0	128
1297	0	128
1298	0	128
1299	0	128
1300	0	128
1301	0	128
1302	0	128
1303	0	128
1304	0	128
1305	0	128
1306	0	128
1307	0	128
1308	0	128
1309	0	128
1310	0	128
1311	0	128
1312	0	128
1313	0	128
1314	0	128
1315	0	128
1316	0	129
1317	0	128
1318	0	128
1319	0	128
1320	0	128
1321	0	128
1322	0	128
1323	0	128
1324	0	128
1325	0	128
1326	0	128
1327	0	129
1328	0	128
1329	0	128
1330	0	128
1331	0	128
1332	0	128
1333	0	128
1334	0	128
1335	0	129
1336	0	128
1337	0	128
1338	0	128
1339	0	128
1340	0	128
1341	0	128
1342	0	128
1343	0	128
1344	0	128
1345	0	128
1346	0	128
1347	0	128
1348	0	128
1349	0	128
1350	0	128
1351	0	128
1352	0	128
1353	0	128
1354	0	128
1355	0	128
1356	0	128
1357	0	128
1358	0	128
1359	0	128
1360	0	128
1361	0	128
1362	0	128
1363	0	128
1364	0	128
1365	0	128
1366	0	128
1367	0	128
1368	0	128
1369	0	128
1370	0	128
1371	0	128
1372	0	129
1373	0	128
1374	0	128
1375	0	128
1376	0	128
1377	0	128
1378	0	128
1379	0	128
1380	0	128
1381	0	128
1382	0	129
1383	0	128
1384	0	128
1385	0	128
1386	0	128
1387	0	128
1388	0	128
1389	0	128
1390	0	128
1391	0	129
1392	0	128
1393	0	128
1394	0	128
1395	0	128
1396	0	128
1397	0	128
1398	0	128
1399	0	128
1400	0	128
1401	0	128
1402	0	128
1403	0	128
1404	0	128
1405	0	128
1406	0	128
1407	0	128
1408	0	128
1409	0	128
1410	0	128
1411	0	128
1412	0	128
1413	0	128
1414	0	128
1415	0	128
1416	0	128
1417	0	128
1418	0	128
1419	0	128
1420	0	128
1421	0	128
1422	0	128
1423	0	128
1424	0	128
1425	0	128
1426	0	128
1427	0	128
1428	0	128
1429	0	128
1430	0	128
1431	0	128
1432	0	128
1433	0	128
1434	0	128
1435	0	128
1436	0	128
1437	0	128
1438	0	128
1439	0	128
1440	0	128
1441	0	128
1442	0	128
1443	0	128
1444	0	128
1445	0	128
1446	0	128
1447	0	128
1448	0	128
1449	0	128
1450	0	128
1451	0	128
1452	0	128
1453	0	128
1454	0	128
1455	0	128
1456	0	128
1457	0	128
1458	0	128
1459	0	128
1460	0	129
1461	0	128
1462	0	128
1463	0	128
1464	0	128
1465	0	128
1466	0	128
1467	0	128
1468	0	128
1469	0	128
1470	0	129
1471	0	128
1472	0	128
1473	0	128
1474	0	128
1475	0	128
1476	0	128
1477	0	128
1478	0	128
1479	0	128
1480	0	128
1481	0	128
1482	0	128
1483	0	128
1484	0	128
1485	0	128
1486	0	128
1487	0	128
1488	0	128
1489	0	128
1490	0	128
1491	0	128
1492	0	128
1493	0	128
1494	0	128
1495	0	128
1496	0	128
1497	0	128
1498	0	128
1499	0	128
1500	0	128
1501	0	128
1502	0	128
1503	0	128
1504	0	128
1505	0	128
1506	0	128
1507	0	128
1508	0	128
1509	0	128
1510	0	128
1511	0	128
1512	0	128
1513	0	128
1514	0	128
1515	0	128
1516	0	128
1517	0	128
1518	0	128
1519	0	128
1520	0	128
1521	0	128
1522	0	128
1523	0	128
1524	0	128
1525	0	128
1526	0	128
1527	0	128
1528	0	128
1529	0	128
1530	0	129
1531	0	128
1532	0	128
1533	0	128
1534	0	128
1535	0	128
1536	0	128
1537	0	128
1538	0	128
1539	0	128
1540	0	128
1541	0	128
1542	0	128
1543	0	128
1544	0	128
1545	0	128
1546	0	128
1547	0	128
1548	0	128
1549	0	128
1550	0	128
1551	0	128
1552	0	128
1553	0	128
1554	0	128
1555	0	128
1556	0	128
1557	0	128
1558	0	128
1559	0	128
1560	0	128
1561	0	128
1562	0	128
1563	0	128
1564	0	128
1565	0	128
1566	0	128
1567	0	128
1568	0	128
1569	0	128
1570	0	128
1571	0	128
1572	0	128
1573	0	128
1574	0	128
1575	0	128
1576	0	128
1577	0	128
1578	0	128
1579	0	128
1580	0	128
1581	0	128
1582	0	128
1583	0	128
1584	0	128
1585	0	128
1586	0	128
1587	0	128
1588	0	128
1589	0	128
1590	0	128
1591	0	128
1592	0	128
1593	0	128
1594	0	128
1595	0	128
1596	0	128
1597	0	128
1598	0	128
1599	0	128
1600	0	128
1601	0	128
1602	0	128
1603	0	128
1604	0	128
1605	0	128
1606	0	128
1607	0	128
1608	0	128
1609	0	128
1610	0	128
1611	0	128
1612	0	128
1613	0	128
1614	0	128
1615	0	128
1616	0	128
1617	0	128
1618	0	128
1619	0	128
1620	0	128
1621	0	128
1622	0	128
1623	0	128
1624	0	128
1625	0	128
1626	0	128
1627	0	128
1628	0	128
1629	0	128
1630	0	128
1631	0	128
1632	0	128
1633	0	128
1634	0	128
1635	0	128
1636	0	128
1637	0	128
1638	0	128
1639	0	128
1640	0	128
1641	0	128
1642	0	128
1643	0	128
1644	0	128
1645	0	128
1646	0	128
1647	0	128
1648	0	128
1649	0	128
1650	0	128
1651	0	128
1652	0	128
1653	0	128
1654	0	128
1655	0	128
1656	0	128
1657	0	128
1658	0	128
1659	0	128
1660	0	128
1661	0	128
1662	0	128
1663	0	128
1664	0	128
1665	0	128
1666	0	128
1667	0	128
1668	0	128
1669	0	128
1670	0	128
1671	0	128
1672	0	128
1673	0	128
1674	0	128
1675	0	128
1676	0	128
1677	0	128
1678	0	128
1679	0	128
1680	0	128
1681	0	128
1682	0	128
1683	0	128
1684	0	128
1685	0	128
1686	0	128
1687	0	128
1688	0	128
1689	0	128
1690	0	128
1691	0	128
1692	0	128
1693	0	128
1694	0	128
1695	0	128
1696	0	128
1697	0	128
1698	0	129
1699	0	128
1700	0	128
1701	0	128
1702	0	128
1703	0	128
1704	0	128
1705	0	129
1706	0	128
1707	0	129
1708	0	129
1709	0	129
1710	0	128
1711	0	128
1712	0	128
1713	0	128
1714	0	129
1715	0	129
1716	0	129
1717	0	128
1718	0	129
1719	0	128
1720	0	128
1721	0	128
1722	0	128
1723	0	128
1724	0	128
1725	0	128
1726	0	128
1727	2	128
1728	9	128
1729	22	128
1730	66	128
1731	192	128
1732	255	128
1733	255	129
1734	255	128
1735	255	129
1736	255	129
1737	255	129
1738	255	130
1739	255	130
1740	255	130
1741	255	130
1742	255	130
1743	255	129
1744	255	129
1745	255	129
1746	255	129
1747	255	129
1748	255	129
1749	238	129
1750	166	129
1751	135	128
1752	143	128
1753	162	128
1754	158	128
1755	126	128
1756	90	127
1757	66	128
1758	58	128
1759	60	128
1760	66	128
1761	67	128
1762	61	128
1763	51	127
1764	41	127
1765	34	127
1766	30	127
1767	28	127
1768	27	127
1769	25	128
1770	24	128
1771	22	128
1772	20	127
1773	18	127
1774	16	127
1775	14	127
1776	13	127
1777	12	127
1778	11	127
1779	10	127
1780	9	128
1781	9	128
1782	9	128
1783	8	127
1784	8	127
1785	7	127
1786	7	128
1787	7	128
1788	7	128
1789	6	128
1790	6	128
1791	6	128
1792	5	128
1793	5	128
1794	5	128
1795	5	128
1796	5	128
1797	6	128
1798	6	128
1799	6	128
1800	7	128
1801	7	128
1802	8	128
1803	9	128
1804	10	128
1805	11	128
1806	13	128
1807	15	128
1808	18	128
1809	22	128
1810	26	128
1811	31	128
1812	36	128
1813	41	128
1814	46	128
1815	51	128
1816	56	128
1817	62	128
1818	69	128
1819	78	128
1820	87	128
1821	97	128
1822	108	128
1823	119	128
1824	132	128
1825	146	128
1826	161	128
1827	178	128
1828	195	128
1829	212	128
1830	231	129
1831	251	128
1832	255	128
1833	255	128
1834	255	129
1835	255	129
1836	255	128
1837	255	129
1838	255	129
1839	255	129
1840	255	129
1841	255	129
1842	255	129
1843	255	129
1844	255	129
1845	255	129
1846	255	129
1847	255	129
1848	255	128
1849	255	129
1850	255	128
1851	255	128
1852	255	128
1853	255	128
1854	255	128
1855	255	128
1856	253	128
1857	237	128
1858	221	128
1859	207	128
1860	193	128
1861	180	128
1862	168	128
1863	157	127
1864	147	128
1865	138	128
1866	129	128
1867	121	128
1868	113	128
1869	107	128
1870	101	128
1871	95	128
1872	89	127
1873	85	128
1874	80	128
1875	76	128
1876	72	128
1877	69	128
1878	66	128
1879	63	127
1880	60	128
1881	58	128
1882	56	128
1883	54	128
1884	53	128
1885	51	128
1886	50	128
1887	49	128
1888	48	128
1889	47	128
1890	46	128
1891	46	128
1892	46	128
1893	45	128
1894	45	128
1895	45	128
1896	45	128
1897	46	128
1898	46	128
1899	47	128
1900	48	128
1901	49	128
1902	50	128
1903	52	128
1904	53	128
1905	55	128
1906	57	128
1907	59	128
1908	61	129
1909	64	128
1910	70	128
1911	72	128
1912	70	128
1913	74	128
1914	80	128
1915	87	128
1916	91	128
1917	95	128
1918	100	128
1919	105	128
1920	112	128
1921	117	128
1922	124	128
1923	131	128
1924	138	128
1925	145	128
1926	152	128
1927	159	128
1928	167	128
1929	176	128
1930	184	128
1931	192	128
1932	201	128
1933	209	128
1934	216	128
1935	224	128
1936	231	128
1937	237	128
1938	243	128
1939	249	128
1940	253	128
1941	255	128
1942	255	128
1943	255	128
1944	255	128
1945	255	128
1946	255	128
1947	255	128
1948	255	128
1949	255	128
1950	251	128
1951	247	129
1952	241	129
1953	235	128
1954	230	128
1955	224	128
1956	217	128
1957	210	128
1958	203	128
1959	196	128
1960	190	128
1961	183	128
1962	177	128
1963	170	128
1964	164	128
1965	157	129
1966	151	128
1967	147	128
1968	141	128
1969	136	128
1970	131	128
1971	126	128
1972	122	128
1973	119	128
1974	115	128
1975	111	128
1976	108	128
1977	105	128
1978	102	128
1979	99	128
1980	97	128
1981	95	128
1982	93	128
1983	91	128
1984	89	128
1985	88	128
1986	85	128
1987	83	128
1988	83	128
1989	83	128
1990	84	128
1991	83	128
1992	83	128
1993	83	128
1994	83	128
1995	83	128
1996	83	128
1997	83	128
1998	85	128
1999	85	128
2000	86	128
2001	88	128
2002	89	128
2003	90	128
2004	93	128
2005	95	128
2006	97	128
2007	99	128
2008	102	128
2009	105	128
2010	108	128
2011	110	128
2012	113	128
2013	117	128
2014	121	128
2015	124	128
2016	128	128
2017	132	128
2018	136	128
2019	140	128
2020	144	128
2021	149	128
2022	152	128
2023	156	128
2024	160	128
2025	164	128
2026	168	128
2027	172	128
2028	175	128
2029	179	128
2030	182	128
2031	185	128
2032	187	128
2033	190	128
2034	192	128
2035	193	127
2036	195	128
2037	195	127
2038	196	127
2039	196	128
2040	196	128
2041	195	128
2042	195	128
2043	193	128
2044	192	128
2045	190	128
2046	188	128
2047	185	128
2048	183	128
2049	180	128
2050	177	128
2051	175	128
2052	172	128
2053	169	128
2054	166	128
2055	163	128
2056	160	128
2057	157	128
2058	155	128
2059	152	128
2060	150	128
2061	147	128
2062	145	128
2063	143	128
2064	140	128
2065	138	128
2066	136	128
2067	134	128
2068	132	128
2069	130	128
2070	129	128
2071	128	128
2072	127	128
2073	126	128
2074	125	128
2075	124	128
2076	124	128
2077	124	128
2078	124	128
2079	124	128
2080	124	128
2081	124	128
2082	124	128
2083	125	128
2084	126	128
2085	126	128
2086	127	128
2087	128	128
2088	129	128
2089	130	128
2090	131	128
2091	132	128
2092	133	128
2093	134	128
2094	135	128
2095	137	128
2096	139	128
2097	140	128
2098	142	128
2099	143	128
2100	144	128
2101	146	128
2102	147	128
2103	149	128
2104	150	128
2105	152	128
2106	153	128
2107	155	128
2108	156	127
2109	157	128
2110	158	128
2111	159	128
2112	160	128
2113	161	128
2114	162	128
2115	163	128
2116	163	128
2117	163	128
2118	163	128
2119	164	128
2120	164	128
2121	164	128
2122	163	128
2123	163	128
2124	163	128
2125	162	128
2126	161	128
2127	161	128
2128	160	128
2129	159	128
2130	159	128
2131	158	128
2132	157	128
2133	156	128
2134	156	128
2135	155	128
2136	155	128
2137	155	128
2138	153	128
2139	153	128
2140	152	128
2141	151	128
2142	151	128
2143	151	128
2144	151	128
2145	150	128
2146	149	128
2147	148	128
2148	148	128
2149	149	128
2150	148	128
2151	147	128
2152	147	128
2153	146	128
2154	146	128
2155	147	128
2156	147	128
2157	147	128
2158	146	128
2159	146	128
2160	147	128
2161	147	128
2162	148	128
2163	148	128
2164	148	128
2165	148	128
2166	149	128
2167	149	128
2168	150	128
2169	151	128
2170	151	128
2171	152	128
2172	152	128
2173	153	128
2174	154	128
2175	155	128
2176	155	128
2177	156	128
2178	157	128
2179	158	128
2180	156	128
2181	152	128
2182	158	128
2183	161	128
2184	163	128
2185	161	128
2186	163	128
2187	163	128
2188	164	128
2189	164	128
2190	165	128
2191	167	128
2192	167	128
2193	167	128
2194	167	128
2195	167	128
2196	167	128
2197	168	128
2198	168	128
2199	168	128
2200	168	128
2201	168	128
2202	167	128
2203	167	128
2204	167	128
2205	167	128
2206	166	128
2207	166	128
2208	165	128
2209	165	128
2210	165	128
2211	165	128
2212	164	128
2213	163	128
2214	162	128
2215	162	128
2216	161	128
2217	161	128
2218	160	128
2219	159	128
2220	158	128
2221	157	128
2222	157	128
2223	156	128
2224	155	128
2225	155	128
2226	154	128
2227	153	128
2228	153	128
2229	151	128
2230	151	128
2231	151	128
2232	150	128
2233	149	128
2234	148	128
2235	148	128
2236	147	128
2237	146	127
2238	146	128
2239	145	128
2240	145	128
2241	144	128
2242	143	128
2243	143	128
2244	142	128
2245	142	128
2246	142	128
2247	142	128
2248	141	128
2249	141	128
2250	141	128
2251	142	128
2252	142	128
2253	142	128
2254	141	128
2255	141	128
2256	140	128
2257	141	128
2258	143	128
2259	145	128
2260	144	128
2261	143	128
2262	143	128
2263	144	128
2264	145	128
2265	145	128
2266	146	128
2267	146	128
2268	147	128
2269	147	128
2270	148	128
2271	149	129
2272	149	128
2273	149	129
2274	150	128
2275	150	128
2276	151	128
2277	153	128
2278	153	128
2279	152	128
2280	153	128
2281	155	128
2282	155	128
2283	155	128
2284	156	128
2285	157	128
2286	158	128
2287	159	128
2288	159	128
2289	160	128
2290	161	128
2291	161	128
2292	162	128
2293	162	128
2294	163	128
2295	164	128
2296	165	128
2297	165	128
2298	166	128
2299	167	128
2300	167	128
2301	168	129
2302	168	128
2303	169	128
2304	169	128
2305	170	128
2306	170	128
2307	170	128
2308	170	128
2309	171	128
2310	171	128
2311	171	128
2312	171	128
2313	171	128
2314	171	128
2315	171	128
2316	171	128
2317	171	128
2318	170	128
2319	170	128
2320	169	128
2321	169	128
2322	169	128
2323	169	128
2324	168	128
2325	167	128
2326	167	128
2327	166	128
2328	165	128
2329	165	128
2330	164	128
2331	163	128
2332	162	128
2333	161	128
2334	161	128
2335	160	128
2336	159	128
2337	158	128
2338	156	128
2339	156	128
2340	155	128
2341	154	128
2342	153	128
2343	153	128
2344	151	128
2345	151	128
2346	150	128
2347	149	128
2348	148	128
2349	148	128
2350	147	128
2351	147	128
2352	146	128
2353	145	128
2354	145	128
2355	144	128
2356	144	128
2357	144	128
2358	143	128
2359	143	128
2360	143	128
2361	143	128
2362	143	128
2363	142	128
2364	142	128
2365	142	128
2366	143	128
2367	143	128
2368	143	128
2369	143	128
2370	143	128
2371	144	128
2372	144	128
2373	144	128
2374	145	128
2375	145	128
2376	145	128
2377	146	128
2378	147	128
2379	147	128
2380	148	129
2381	148	128
2382	149	128
2383	149	128
2384	151	128
2385	151	128
2386	152	128
2387	152	129
2388	153	129
2389	154	128
2390	154	128
2391	155	128
2392	155	128
2393	156	128
2394	157	128
2395	157	128
2396	158	128
2397	159	128
2398	160	128
2399	160	128
2400	160	128
2401	160	128
2402	161	128
2403	161	128
2404	162	129
2405	163	128
2406	163	128
2407	163	128
2408	163	129
2409	163	128
2410	163	128
2411	163	128
2412	164	128
2413	164	128
2414	163	128
2415	163	128
2416	163	128
2417	163	128
2418	163	128
2419	162	128
2420	162	128
2421	161	128
2422	160	128
2423	160	128
2424	160	128
2425	160	128
2426	160	128
2427	159	128
2428	158	128
2429	158	128
2430	157	128
2431	157	128
2432	157	128
2433	156	128
2434	155	128
2435	154	128
2436	154	128
2437	153	129
2438	153	129
2439	152	128
2440	151	128
2441	151	128
2442	150	128
2443	150	128
2444	150	128
2445	149	128
2446	149	128
2447	148	128
2448	147	128
2449	147	128
2450	148	128
2451	148	129
2452	147	128
2453	148	128
2454	148	129
2455	148	128
2456	144	128
2457	145	128
2458	145	128
2459	145	128
2460	145	128
2461	145	128
2462	145	128
2463	146	128
2464	145	128
2465	145	128
2466	145	128
2467	145	128
2468	146	128
2469	146	128
2470	146	128
2471	146	128
2472	146	128
2473	146	128
2474	146	128
2475	147	129
2476	147	129
2477	148	128
2478	148	128
2479	148	128
2480	149	128
2481	149	128
2482	150	128
2483	150	128
2484	151	129
2485	151	128
2486	151	128
2487	151	129
2488	152	128
2489	152	128
2490	153	128
2491	153	128
2492	153	128
2493	154	128
2494	154	128
2495	155	128
2496	155	129
2497	156	129
2498	156	129
2499	156	128
2500	156	128
2501	157	128
2502	157	128
2503	157	128
2504	158	129
2505	158	128
2506	158	128
2507	158	128
2508	159	128
2509	159	128
2510	159	128
2511	158	129
2512	159	128
2513	159	129
2514	159	128
2515	159	128
2516	159	128
2517	159	128
2518	159	128
2519	158	128
2520	158	128
2521	158	128
2522	157	128
2523	157	128
2524	157	128
2525	157	128
2526	156	129
2527	156	129
2528	156	128
2529	154	128
2530	153	128
2531	152	128
2532	151	128
2533	151	128
2534	150	128
2535	149	128
2536	149	128
2537	148	128
2538	147	128
2539	146	128
2540	145	128
2541	145	128
2542	144	128
2543	143	128
2544	141	128
2545	141	128
2546	141	128
2547	140	128
2548	139	128
2549	139	128
2550	139	128
2551	139	128
2552	138	128
2553	139	128
2554	138	128
2555	138	128
2556	138	128
2557	138	128
2558	138	128
2559	139	128
2560	139	128
2561	139	128
2562	139	128
2563	139	128
2564	141	128
2565	142	128
2566	142	128
2567	142	128
2568	143	128
2569	143	128
2570	144	128
2571	145	128
2572	146	128
2573	147	128
2574	148	128
2575	148	128
2576	149	128
2577	150	128
2578	152	128
2579	153	128
2580	153	128
2581	154	128
2582	155	128
2583	155	128
2584	157	128
2585	158	128
2586	158	128
2587	159	128
2588	160	128
2589	161	128
2590	162	128
2591	163	127
2592	163	128
2593	164	128
2594	164	128
2595	164	128
2596	165	128
2597	166	128
2598	166	128
2599	167	128
2600	166	128
2601	166	128
2602	167	128
2603	167	128
2604	167	128
2605	168	128
2606	167	128
2607	167	128
2608	167	128
2609	167	128
2610	167	128
2611	167	128
2612	166	128
2613	166	128
2614	165	128
2615	164	128
2616	164	128
2617	163	128
2618	163	128
2619	162	128
2620	161	128
2621	160	128
2622	159	128
2623	159	128
2624	158	128
2625	157	128
2626	156	128
2627	155	128
2628	154	129
2629	154	128
2630	153	129
2631	152	128
2632	151	128
2633	151	128
2634	149	128
2635	149	128
2636	148	128
2637	147	128
2638	146	128
2639	145	128
2640	145	128
2641	145	128
2642	145	128
2643	144	128
2644	143	128
2645	143	128
2646	143	128
2647	142	128
2648	142	128
2649	142	128
2650	141	128
2651	141	128
2652	141	128
2653	141	128
2654	141	128
2655	141	128
2656	141	128
2657	141	128
2658	141	128
2659	141	128
2660	142	128
2661	142	128
2662	143	128
2663	142	128
2664	142	128
2665	143	128
2666	144	128
2667	144	128
2668	144	128
2669	144	128
2670	145	128
2671	145	128
2672	146	128
2673	147	128
2674	147	128
2675	148	128
2676	148	128
2677	149	128
2678	150	128
2679	150	128
2680	151	128
2681	151	128
2682	151	128
2683	152	128
2684	153	128
2685	153	128
2686	153	128
2687	154	128
2688	155	128
2689	155	128
2690	156	128
2691	156	128
2692	156	128
2693	157	128
2694	157	128
2695	158	127
2696	158	128
2697	158	128
2698	158	128
2699	159	128
2700	159	128
2701	159	128
2702	159	128
2703	159	128
2704	159	128
2705	159	128
2706	159	128
2707	159	128
2708	159	128
2709	158	128
2710	158	128
2711	159	128
2712	159	128
2713	159	128
2714	158	128
2715	157	128
2716	157	128
2717	157	128
2718	157	128
2719	157	128
2720	156	128
2721	157	128
2722	161	128
2723	159	128
2724	153	128
2725	152	128
2726	155	128
2727	154	128
2728	153	128
2729	153	128
2730	152	128
2731	152	128
2732	153	128
2733	151	128
2734	152	128
2735	151	128
2736	151	128
2737	149	128
2738	149	128
2739	148	128
2740	149	128
2741	148	128
2742	148	128
2743	147	128
2744	146	128
2745	146	128
2746	146	128
2747	146	128
2748	146	128
2749	146	128
2750	145	128
2751	145	128
2752	145	128
2753	144	128
2754	145	128
2755	145	128
2756	145	128
2757	145	128
2758	145	128
2759	145	128
2760	145	128
2761	145	128
2762	145	128
2763	145	128
2764	146	128
2765	146	128
2766	147	128
2767	147	128
2768	147	128
2769	147	128
2770	148	128
2771	149	128
2772	149	128
2773	150	128
2774	151	128
2775	151	128
2776	151	128
2777	153	128
2778	153	127
2779	154	128
2780	154	128
2781	155	128
2782	156	128
2783	156	128
2784	157	128
2785	158	128
2786	159	128
2787	159	128
2788	159	128
2789	159	128
2790	160	128
2791	161	128
2792	162	128
2793	162	128
2794	162	128
2795	162	128
2796	163	128
2797	164	127
2798	165	128
2799	163	128
2800	162	128
2801	163	128
2802	164	128
2803	164	128
2804	164	128
2805	164	128
2806	164	128
2807	163	128
2808	163	128
2809	164	128
2810	164	128
2811	163	128
2812	162	128
2813	162	128
2814	161	128
2815	161	128
2816	161	128
2817	161	128
2818	160	128
2819	158	128
2820	159	127
2821	160	128
2822	160	128
2823	158	127
2824	157	128
2825	157	128
2826	156	128
2827	156	128
2828	155	128
2829	155	128
2830	155	128
2831	154	128
2832	153	128
2833	153	128
2834	153	128
2835	153	128
2836	152	128
2837	152	128
2838	151	128
2839	151	128
2840	151	128
2841	151	127
2842	151	128
2843	151	128
2844	151	128
2845	150	128
2846	150	128
2847	150	128
2848	150	128
2849	150	128
2850	150	128
2851	150	128
2852	149	128
2853	149	128
2854	150	128
2855	149	128
2856	149	128
2857	150	129
2858	149	128
2859	149	128
2860	150	128
2861	150	128
2862	151	128
2863	151	128
2864	151	128
2865	151	128
2866	150	128
2867	151	128
2868	151	128
2869	152	128
2870	152	128
2871	152	128
2872	152	128
2873	152	128
2874	153	128
2875	153	128
2876	154	128
2877	154	128
2878	154	128
2879	154	128
2880	155	128
2881	155	128
2882	155	128
2883	156	128
2884	156	128
2885	156	128
2886	156	128
2887	157	128
2888	157	128
2889	157	128
2890	158	128
2891	158	128
2892	158	128
2893	158	128
2894	158	128
2895	159	128
2896	159	128
2897	159	128
2898	159	128
2899	159	128
2900	159	128
2901	160	128
2902	160	128
2903	160	128
2904	160	128
2905	159	128
2906	160	128
2907	160	128
2908	159	128
2909	159	128
2910	159	128
2911	159	128
2912	159	128
2913	159	128
2914	159	128
2915	158	128
2916	158	128
2917	158	128
2918	158	128
2919	158	128
2920	157	128
2921	157	128
2922	156	128
2923	156	128
2924	157	129
2925	157	128
2926	156	129
2927	156	128
2928	155	128
2929	155	128
2930	155	128
2931	155	128
2932	155	128
2933	154	128
2934	153	128
2935	153	128
2936	153	128
2937	153	128
2938	153	128
2939	152	128
2940	152	128
2941	151	128
2942	152	128
2943	151	128
2944	152	128
2945	152	128
2946	151	128
2947	150	128
2948	150	128
2949	150	128
2950	150	128
2951	150	128
2952	150	129
2953	150	128
2954	150	128
2955	149	128
2956	149	128
2957	149	128
2958	150	128
2959	150	128
2960	150	129
2961	149	128
2962	149	128
2963	149	128
2964	149	128
2965	150	128
2966	150	128
2967	150	128
2968	149	128
2969	149	128
2970	149	128
2971	150	128
2972	150	128
2973	150	128
2974	150	128
2975	149	128
2976	150	128
2977	150	128
2978	151	128
2979	151	128
2980	151	128
2981	150	128
2982	151	128
2983	151	129
2984	151	128
2985	151	129
2986	152	128
2987	151	128
2988	151	128
2989	151	128
2990	152	128
2991	151	128
2992	150	128
2993	149	128
2994	149	128
2995	149	128
2996	150	128
2997	151	128
2998	154	129
2999	153	128
3000	153	128
3001	152	128
3002	152	128
3003	153	128
3004	153	128
3005	153	128
3006	154	128
3007	153	128
3008	153	129
3009	153	128
3010	152	128
3011	153	128
3012	153	128
3013	154	128
3014	153	128
3015	154	128
3016	153	128
3017	153	128
3018	154	128
3019	154	128
3020	153	128
3021	154	128
3022	153	128
3023	153	128
3024	153	128
3025	153	128
3026	153	128
3027	153	128
3028	152	128
3029	152	128
3030	152	128
3031	152	128
3032	151	128
3033	150	128
3034	150	128
3035	149	128
3036	149	128
3037	148	128
3038	148	128
3039	147	128
3040	146	128
3041	146	128
3042	145	128
3043	145	128
3044	145	128
3045	145	128
3046	144	128
3047	144	128
3048	145	128
3049	145	128
3050	145	128
3051	144	128
3052	145	128
3053	145	128
3054	145	128
3055	145	128
3056	145	128
3057	146	128
3058	146	128
3059	147	128
3060	147	128
3061	148	128
3062	148	128
3063	149	128
3064	149	128
3065	150	129
3066	151	129
3067	151	128
3068	151	128
3069	151	128
3070	152	128
3071	154	128
3072	155	128
3073	155	128
3074	155	128
3075	156	128
3076	157	128
3077	157	128
3078	157	128
3079	158	128
3080	158	128
3081	159	128
3082	159	128
3083	159	128
3084	160	128
3085	160	128
3086	161	128
3087	161	128
3088	162	128
3089	163	128
3090	163	128
3091	163	128
3092	162	128
3093	163	128
3094	162	128
3095	162	128
3096	162	128
3097	163	128
3098	163	129
3099	162	128
3100	162	128
3101	162	128
3102	162	128
3103	162	128
3104	161	128
3105	161	128
3106	161	128
3107	161	128
3108	160	128
3109	159	128
3110	159	128
3111	149	128
3112	153	128
3113	156	129
3114	164	128
3115	155	128
3116	154	128
3117	160	127
3118	158	127
3119	153	128
3120	155	128
3121	160	127
3122	157	128
3123	152	128
3124	153	128
3125	154	128
3126	150	128
3127	148	128
3128	150	128
3129	150	128
3130	145	128
3131	144	128
3132	146	128
3133	145	128
3134	143	128
3135	142	128
3136	143	128
3137	140	128
3138	139	128
3139	138	128
3140	137	128
3141	134	128
3142	131	128
3143	129	128
3144	126	128
3145	123	128
3146	121	128
3147	119	128
3148	115	128
3149	111	128
3150	109	128
3151	107	128
3152	104	128
3153	101	128
3154	99	129
3155	96	128
3156	93	128
3157	90	128
3158	87	128
3159	83	128
3160	80	128
3161	77	128
3162	73	128
3163	69	128
3164	65	128
3165	62	128
3166	59	128
3167	55	128
3168	53	128
3169	50	128
3170	47	128
3171	43	128
3172	41	128
3173	39	128
3174	36	128
3175	33	128
3176	31	128
3177	28	128
3178	26	128
3179	23	128
3180	22	128
3181	20	128
3182	19	128
3183	17	128
3184	15	128
3185	14	128
3186	12	128
3187	11	128
3188	10	128
3189	9	128
3190	7	128
3191	7	128
3192	5	128
3193	5	128
3194	4	128
3195	3	128
3196	3	128
3197	2	128
3198	1	128
3199	0	128
3200	0	128
3201	0	128
3202	0	128
3203	0	128
3204	0	128
3205	0	128
3206	0	128
3207	0	128
3208	0	128
3209	0	128
3210	0	128
3211	0	128
3212	0	128
3213	0	128
3214	0	128
3215	0	128
3216	0	129
3217	0	128
3218	0	128
3219	0	128
3220	0	128
3221	0	128
3222	0	128
3223	0	128
3224	0	128
3225	0	128
3226	0	128
3227	0	128
3228	0	128
3229	0	128
3230	0	128
3231	0	128
3232	0	128
3233	0	128
3234	0	128
3235	0	128
3236	0	128
3237	0	129
3238	0	128
3239	0	128
3240	0	129
3241	0	128
3242	0	128
3243	0	128
3244	0	128
3245	0	129
3246	0	128
3247	0	128
3248	0	128
3249	0	128
3250	0	128
3251	0	128
3252	0	128
3253	0	128
3254	0	129
3255	0	128
3256	0	128
3257	0	128
3258	0	128
3259	0	128
3260	0	128
3261	0	128
3262	0	128
3263	0	128
3264	0	128
3265	0	128
3266	0	129
3267	0	128
3268	0	128
3269	0	128
3270	0	128
3271	0	128
3272	0	128
3273	0	128
3274	0	128
3275	0	128
3276	0	128
3277	0	128
3278	0	128
3279	0	128
3280	0	128
3281	0	128
3282	0	128
3283	0	128
3284	0	128
3285	0	128
3286	0	128
3287	0	128
3288	0	128
3289	0	128
3290	0	128
3291	0	128
3292	0	128
3293	0	128
3294	0	128
3295	0	128
3296	0	128
3297	0	128
3298	0	128
3299	0	129
3300	0	129
3301	0	129
3302	0	129
3303	0	128
3304	0	128
3305	0	128
3306	0	128
3307	0	128
3308	0	128
3309	0	128
3310	0	128
3311	0	128
3312	0	128
3313	0	128
3314	0	128
3315	0	128
3316	0	128
3317	0	128
3318	0	128
3319	0	128
3320	0	128
3321	0	128
3322	0	128
3323	0	128
3324	0	128
3325	0	128
3326	0	128
3327	0	128
3328	0	128
3329	0	128
3330	0	128
3331	0	128
3332	0	128
3333	0	128
3334	0	128
3335	0	128
3336	0	128
3337	0	128
3338	0	128
3339	0	128
3340	0	128
3341	0	128
3342	0	128
3343	0	128
3344	0	128
3345	0	128
3346	0	128
3347	0	128
3348	0	128
3349	0	128
3350	0	128
3351	0	128
3352	0	128
3353	0	128
3354	0	128
3355	0	128
3356	0	128
3357	0	128
3358	0	128
3359	0	128
3360	0	128
3361	0	128
3362	0	128
3363	0	128
3364	0	128
3365	0	128
3366	0	128
3367	0	128
3368	0	128
3369	0	128
3370	0	128
3371	0	128
3372	0	128
3373	0	128
3374	0	128
3375	0	128
3376	0	128
3377	0	128
3378	0	128
3379	0	128
3380	0	128
3381	0	128
3382	0	128
3383	0	128
3384	0	128
3385	0	128
3386	0	128
3387	0	128
3388	0	128
3389	0	128
3390	0	128
3391	0	128
3392	0	128
3393	0	128
3394	0	128
3395	0	128
3396	0	128
3397	0	128
3398	0	128
3399	0	128
3400	0	128
3401	0	128
3402	0	128
3403	0	128
3404	0	128
3405	0	128
3406	0	128
3407	0	128
3408	0	128
3409	0	128
3410	0	128
3411	0	128
3412	0	128
3413	0	128
3414	0	128
3415	0	128
3416	0	128
3417	0	128
3418	0	128
3419	0	128
3420	0	128
3421	0	129
3422	0	128
3423	0	128
3424	0	128
3425	0	128
3426	0	128
3427	0	128
3428	0	128
3429	0	128
3430	0	128
3431	0	128
3432	0	128
3433	0	128
3434	0	128
3435	0	128
3436	0	128
3437	0	128
3438	0	128
3439	0	128
3440	0	128
3441	0	128
3442	0	128
3443	0	128
3444	0	128
3445	0	128
3446	0	128
3447	0	128
3448	0	128
3449	0	128
3450	0	128
3451	0	128
3452	0	128
3453	0	128
3454	0	128
3455	0	128
3456	0	128
3457	0	128
3458	0	128
3459	0	128
3460	0	128
3461	0	128
3462	0	128
3463	0	128
3464	0	128
3465	0	128
3466	0	128
3467	0	128
3468	0	128
3469	0	128
3470	0	128
3471	0	128
3472	0	128
3473	0	128
3474	0	128
3475	0	128
3476	0	128
3477	0	128
3478	0	128
3479	0	128
3480	0	128
3481	0	128
3482	0	128
3483	0	128
3484	0	128
3485	0	128
3486	0	128
3487	0	128
3488	0	128
3489	0	128
3490	0	128
3491	0	128
3492	0	128
3493	0	128
3494	0	128
3495	0	128
3496	0	128
3497	0	128
3498	0	128
3499	0	128
3500	0	128
3501	0	128
3502	0	128
3503	0	128
3504	0	128
3505	0	128
3506	0	128
3507	0	128
3508	0	128
3509	0	128
3510	0	128
3511	0	128
3512	0	128
3513	0	128
3514	0	128
3515	0	128
3516	0	128
3517	0	128
3518	0	128
3519	0	128
3520	0	128
3521	0	128
3522	0	128
3523	0	128
3524	0	128
3525	0	128
3526	0	128
3527	0	128
3528	0	128
3529	0	128
3530	0	128
3531	0	128
3532	0	128
3533	0	128
3534	0	128
3535	0	128
3536	0	128
3537	0	128
3538	0	128
3539	0	128
3540	0	128
3541	0	128
3542	0	128
3543	0	128
3544	0	128
3545	0	128
3546	0	128
3547	0	128
3548	0	128
3549	0	128
3550	0	128
3551	0	128
3552	0	128
3553	0	128
3554	0	128
3555	0	128
3556	0	128
3557	0	128
3558	0	128
3559	0	128
3560	0	128
3561	0	128
3562	0	128
3563	0	128
3564	0	128
3565	0	128
3566	0	128
3567	0	128
3568	0	128
3569	0	128
3570	0	128
3571	0	128
3572	0	128
3573	0	128
3574	0	128
3575	0	128
3576	0	128
3577	0	128
3578	0	128
3579	0	128
3580	0	128
3581	0	128
3582	0	128
3583	0	128
3584	0	128
3585	0	128
3586	0	128
3587	0	128
3588	0	128
3589	0	128
3590	0	128
3591	0	128
3592	0	128
3593	0	128
3594	0	128
3595	0	128
3596	0	128
3597	0	128
3598	0	128
3599	0	128
3600	0	128
3601	0	128
3602	0	128
3603	0	128
3604	0	128
3605	0	128
3606	0	128
3607	0	128
3608	0	128
3609	0	128
3610	0	128
3611	0	128
3612	0	128
3613	0	128
3614	0	128
3615	0	128
3616	0	128
3617	0	128
3618	0	128
3619	0	128
3620	0	128
3621	0	128
3622	0	128
3623	0	128
3624	0	128
3625	0	128
3626	0	128
3627	0	128
3628	0	128
3629	0	128
3630	0	128
3631	0	128
3632	0	128
3633	0	128
3634	0	128
3635	0	128
3636	0	128
3637	0	128
3638	0	128
3639	0	128
3640	0	128
3641	0	128
3642	0	128
3643	0	128
3644	0	128
3645	0	128
3646	0	128
3647	0	128
3648	0	128
3649	0	128
3650	0	128
3651	0	128
3652	0	128
3653	0	128
3654	0	128
3655	0	128
3656	0	128
3657	0	128
3658	0	128
3659	0	128
3660	0	128
3661	0	128
3662	0	128
3663	0	128
3664	0	128
3665	0	128
3666	0	128
3667	0	128
3668	0	128
3669	0	128
3670	0	128
3671	0	128
3672	0	128
3673	0	128
3674	0	128
3675	0	128
3676	0	129
3677	0	128
3678	0	128
3679	0	128
3680	0	128
3681	0	128
3682	0	128
3683	0	128
3684	0	128
3685	0	128
3686	0	128
3687	0	128
3688	0	128
3689	0	128
3690	0	128
3691	0	128
3692	0	128
3693	0	128
3694	0	128
3695	0	128
3696	0	128
3697	0	128
3698	0	128
3699	0	128
3700	0	128
3701	0	128
3702	0	128
3703	0	128
3704	0	128
3705	0	128
3706	0	128
3707	0	128
3708	0	128
3709	0	128
3710	0	128
3711	0	128
3712	0	128
3713	0	128
3714	0	128
3715	0	128
3716	0	128
3717	0	128
3718	0	128
3719	0	128
3720	0	128
3721	0	128
3722	0	128
3723	0	128
3724	0	128
3725	0	128
3726	0	128
3727	0	128
3728	0	128
3729	0	128
3730	0	128
3731	0	128
3732	0	128
3733	0	128
3734	0	128
3735	0	128
3736	0	128
3737	0	128
3738	0	128
3739	0	128
3740	0	128
3741	0	128
3742	0	128
3743	0	128
3744	0	128
3745	0	128
3746	0	128
3747	0	128
3748	0	128
3749	0	128
3750	0	128
3751	0	128
3752	0	128
3753	0	128
3754	0	128
3755	0	129
3756	0	128
3757	0	128
3758	0	128
3759	0	128
3760	0	128
3761	0	128
3762	0	128
3763	0	128
3764	0	128
3765	0	128
3766	0	128
3767	0	128
3768	0	128
3769	0	128
3770	0	128
3771	0	128
3772	0	128
3773	0	128
3774	0	128
3775	0	128
3776	0	128
3777	0	128
3778	0	128
3779	0	128
3780	0	128
3781	0	128
3782	0	128
3783	0	128
3784	0	128
3785	0	128
3786	0	128
3787	0	128
3788	0	128
3789	0	128
3790	0	128
3791	0	128
3792	0	128
3793	0	128
3794	0	128
3795	0	128
3796	0	128
3797	0	128
3798	0	128
3799	0	128
3800	0	128
3801	0	128
3802	0	128
3803	0	128
3804	2	128
3805	13	128
3806	22	128
3807	47	128
3808	147	128
3809	255	128
3810	255	128
3811	255	128
3812	255	128
3813	255	129
3814	255	129
3815	255	129
3816	255	129
3817	255	129
3818	255	129
3819	255	129
3820	253	129
3821	171	129
3822	172	129
3823	215	128
3824	232	128
3825	193	128
3826	128	128
3827	79	128
3828	60	128
3829	66	128
3830	84	128
3831	95	128
3832	88	128
3833	69	127
3834	51	128
3835	40	128
3836	37	128
3837	39	128
3838	44	128
3839	47	128
3840	48	128
3841	47	128
3842	43	127
3843	40	128
3844	38	128
3845	38	128
3846	39	128
3847	40	128
3848	41	128
3849	42	128
3850	42	128
3851	43	128
3852	44	128
3853	46	128
3854	48	128
3855	50	128
3856	53	128
3857	57	128
3858	61	128
3859	65	128
3860	69	128
3861	72	128
3862	76	128
3863	81	128
3864	86	128
3865	92	128
3866	98	128
3867	105	128
3868	111	128
3869	118	128
3870	126	128
3871	135	128
3872	143	128
3873	153	128
3874	162	128
3875	171	128
3876	179	128
3877	189	128
3878	199	128
3879	208	128
3880	218	128
3881	228	128
3882	235	128
3883	240	128
3884	247	128
3885	254	128
3886	255	128
3887	255	128
3888	255	128
3889	255	128
3890	255	128
3891	255	129
3892	255	128
3893	255	128
3894	255	128
3895	255	128
3896	253	128
3897	247	128
3898	241	128
3899	234	128
3900	227	129
3901	219	128
3902	211	128
3903	205	128
3904	198	128
3905	191	128
3906	183	128
3907	176	128
3908	169	128
3909	163	128
3910	157	128
3911	151	128
3912	145	128
3913	140	128
3914	135	128
3915	130	128
3916	125	128
3917	121	128
3918	117	128
3919	114	128
3920	110	128
3921	107	128
3922	104	128
3923	101	128
3924	99	128
3925	96	128
3926	95	128
3927	92	128
3928	91	128
3929	89	128
3930	88	128
3931	87	128
3932	86	128
3933	85	128
3934	84	128
3935	84	128
3936	83	128
3937	83	128
3938	83	128
3939	84	128
3940	85	128
3941	85	128
3942	86	128
3943	87	128
3944	88	128
3945	89	128
3946	90	128
3947	91	128
3948	93	128
3949	95	128
3950	97	128
3951	99	128
3952	101	128
3953	103	128
3954	106	128
3955	110	128
3956	112	128
3957	115	128
3958	118	128
3959	121	128
3960	125	127
3961	128	128
3962	132	128
3963	135	127
3964	139	128
3965	142	128
3966	146	128
3967	150	128
3968	154	128
3969	157	128
3970	160	128
3971	164	128
3972	167	128
3973	170	128
3974	173	128
3975	175	128
3976	177	128
3977	179	128
3978	180	128
3979	182	128
3980	183	128
3981	183	128
3982	183	128
3983	183	128
3984	183	128
3985	183	128
3986	182	128
3987	181	128
3988	180	128
3989	178	128
3990	177	128
3991	174	128
3992	172	128
3993	170	128
3994	168	128
3995	165	128
3996	161	128
3997	159	128
3998	156	128
3999	153	128
4000	151	128
4001	148	128
4002	144	129
4003	141	128
4004	139	128
4005	137	128
4006	134	128
4007	132	128
4008	130	128
4009	128	128
4010	126	128
4011	124	128
4012	123	128
4013	121	128
4014	121	128
4015	119	128
4016	118	129
4017	118	129
4018	117	128
4019	117	128
4020	117	128
4021	117	128
4022	116	128
4023	116	128
4024	116	128
4025	116	129
4026	116	128
4027	117	128
4028	117	128
4029	118	128
4030	119	128
4031	120	128
4032	121	128
4033	121	128
4034	122	128
4035	123	129
4036	124	128
4037	125	128
4038	127	128
4039	128	128
4040	128	128
4041	128	128
4042	129	128
4043	129	128
4044	130	128
4045	131	128
4046	132	128
4047	133	128
4048	134	128
4049	135	128
4050	136	128
4051	137	128
4052	138	129
4053	139	128
4054	140	129
4055	141	128
4056	141	128
4057	143	128
4058	143	128
4059	143	128
4060	143	128
4061	143	128
4062	144	128
4063	144	128
4064	144	129
4065	145	128
4066	145	128
4067	145	128
4068	145	128
4069	145	128
4070	146	128
4071	145	128
4072	145	128
4073	145	128
4074	144	128
4075	144	128
4076	148	128
4077	148	128
4078	143	128
4079	144	128
4080	147	128
4081	150	128
4082	151	128
4083	152	128
4084	153	128
4085	154	128
4086	155	128
4087	155	128
4088	157	128
4089	159	128
4090	161	128
4091	163	128
4092	163	128
4093	164	128
4094	166	128
4095	168	128
