
TIME STEP:
125 = 20us

VOLTAGE STEP:
CH1:  32 = 50mV
CH2:  32 = 15mV
GND	-9	128
N	CH1	CH2

0	185	128
1	186	128
2	187	128
3	188	128
4	188	128
5	189	128
6	189	128
7	190	128
8	190	128
9	190	128
10	190	128
11	191	128
12	191	128
13	191	128
14	190	128
15	190	128
16	190	128
17	190	128
18	190	128
19	190	128
20	189	128
21	189	128
22	189	128
23	189	128
24	188	128
25	188	128
26	187	128
27	186	128
28	186	128
29	185	128
30	185	128
31	184	128
32	183	128
33	182	128
34	182	128
35	181	128
36	181	128
37	180	128
38	179	128
39	178	128
40	177	128
41	176	128
42	176	128
43	175	128
44	174	128
45	174	128
46	173	128
47	173	128
48	173	128
49	169	128
50	164	128
51	168	128
52	171	128
53	173	128
54	167	128
55	168	128
56	168	128
57	166	128
58	163	128
59	164	128
60	166	128
61	167	128
62	166	128
63	166	128
64	165	128
65	165	128
66	165	128
67	165	128
68	165	128
69	165	128
70	165	128
71	165	128
72	165	128
73	166	128
74	167	128
75	167	128
76	167	128
77	166	128
78	167	129
79	167	128
80	168	128
81	168	128
82	168	128
83	168	128
84	169	128
85	169	128
86	169	128
87	170	128
88	171	128
89	171	128
90	171	128
91	172	128
92	173	128
93	173	128
94	174	128
95	174	128
96	174	128
97	175	128
98	176	128
99	176	128
100	177	128
101	178	128
102	178	128
103	179	128
104	179	128
105	179	128
106	180	128
107	180	128
108	181	128
109	182	128
110	182	128
111	182	128
112	183	128
113	183	128
114	183	129
115	183	128
116	184	128
117	184	128
118	185	128
119	185	129
120	185	128
121	185	128
122	185	128
123	185	128
124	185	128
125	185	129
126	185	128
127	186	128
128	187	129
129	185	128
130	184	128
131	183	128
132	183	128
133	183	128
134	182	129
135	181	128
136	180	129
137	179	128
138	179	128
139	179	128
140	178	128
141	177	128
142	176	128
143	176	128
144	175	128
145	175	128
146	174	128
147	173	128
148	173	128
149	173	128
150	173	128
151	170	128
152	170	128
153	169	128
154	169	128
155	167	128
156	167	128
157	166	128
158	166	128
159	165	128
160	165	128
161	164	128
162	163	128
163	163	128
164	163	128
165	162	128
166	161	128
167	161	128
168	160	129
169	159	128
170	159	128
171	159	128
172	158	128
173	158	128
174	158	128
175	157	128
176	157	128
177	157	128
178	156	128
179	156	128
180	155	128
181	155	128
182	155	128
183	155	128
184	155	128
185	154	128
186	154	128
187	154	128
188	155	129
189	155	128
190	155	128
191	156	128
192	155	128
193	156	128
194	157	128
195	157	128
196	158	128
197	158	128
198	159	128
199	159	128
200	160	128
201	161	128
202	162	128
203	162	128
204	162	128
205	163	128
206	164	128
207	166	128
208	167	128
209	167	128
210	167	128
211	168	129
212	168	128
213	170	128
214	172	128
215	173	128
216	174	128
217	174	128
218	174	128
219	175	128
220	176	128
221	177	128
222	178	128
223	179	128
224	180	128
225	181	128
226	182	128
227	183	128
228	184	128
229	185	128
230	186	128
231	185	128
232	186	128
233	187	128
234	189	128
235	189	128
236	189	128
237	190	128
238	190	128
239	190	128
240	191	128
241	192	128
242	192	128
243	192	128
244	192	128
245	192	128
246	192	128
247	192	128
248	192	128
249	192	128
250	191	128
251	191	128
252	191	128
253	191	128
254	191	128
255	189	128
256	189	128
257	188	128
258	188	128
259	187	128
260	187	128
261	187	129
262	186	128
263	185	129
264	184	128
265	183	128
266	182	128
267	182	128
268	181	128
269	180	128
270	179	128
271	178	128
272	178	128
273	177	128
274	176	128
275	175	128
276	175	128
277	174	128
278	173	128
279	173	128
280	172	128
281	171	128
282	170	128
283	170	128
284	169	128
285	169	128
286	168	128
287	167	128
288	167	128
289	166	128
290	166	128
291	165	128
292	165	128
293	164	128
294	164	128
295	163	128
296	163	128
297	163	128
298	163	128
299	162	128
300	161	128
301	161	128
302	160	128
303	161	128
304	161	128
305	161	128
306	160	128
307	160	128
308	160	128
309	160	127
310	161	128
311	161	127
312	161	127
313	161	127
314	161	128
315	161	128
316	162	128
317	163	128
318	164	128
319	160	128
320	156	127
321	162	127
322	166	128
323	168	128
324	164	128
325	166	128
326	167	128
327	166	128
328	165	127
329	167	128
330	169	127
331	171	127
332	171	128
333	172	128
334	172	128
335	173	128
336	174	128
337	175	128
338	175	128
339	176	128
340	176	127
341	177	128
342	178	128
343	179	128
344	180	128
345	180	128
346	180	128
347	180	127
348	181	128
349	182	127
350	182	127
351	182	128
352	182	128
353	182	128
354	182	128
355	182	128
356	182	128
357	182	128
358	182	128
359	182	128
360	182	128
361	182	128
362	181	128
363	181	128
364	181	128
365	180	129
366	179	128
367	179	128
368	179	128
369	179	128
370	178	128
371	178	128
372	177	128
373	176	128
374	176	128
375	176	128
376	175	128
377	175	128
378	174	128
379	174	128
380	173	128
381	173	128
382	173	128
383	172	128
384	172	128
385	171	128
386	171	128
387	171	128
388	170	128
389	169	128
390	169	129
391	168	128
392	167	128
393	168	128
394	168	128
395	168	128
396	166	128
397	167	128
398	169	128
399	168	128
400	166	128
401	165	128
402	166	128
403	166	128
404	165	128
405	164	128
406	165	128
407	165	128
408	165	128
409	165	128
410	165	128
411	165	128
412	164	128
413	165	128
414	165	128
415	166	128
416	165	128
417	164	128
418	165	128
419	167	128
420	167	128
421	167	128
422	167	128
423	168	128
424	167	128
425	167	128
426	167	128
427	168	128
428	169	128
429	169	128
430	170	128
431	170	128
432	170	128
433	170	128
434	171	128
435	171	128
436	172	128
437	173	128
438	173	128
439	173	128
440	173	128
441	174	128
442	175	128
443	175	128
444	175	128
445	175	128
446	175	128
447	176	128
448	176	128
449	176	128
450	177	128
451	177	128
452	177	128
453	177	128
454	177	128
455	177	128
456	178	128
457	178	128
458	178	128
459	178	128
460	177	128
461	177	128
462	177	128
463	177	128
464	177	128
465	177	128
466	177	128
467	177	128
468	177	128
469	177	128
470	177	128
471	176	128
472	176	128
473	176	128
474	175	128
475	175	128
476	175	128
477	175	128
478	175	128
479	175	128
480	174	128
481	174	128
482	173	128
483	173	129
484	173	128
485	173	128
486	172	128
487	171	128
488	171	128
489	172	128
490	171	128
491	170	128
492	170	128
493	169	129
494	169	128
495	169	128
496	169	128
497	169	128
498	168	128
499	167	128
500	167	128
501	167	128
502	167	128
503	167	128
504	167	128
505	166	128
506	166	128
507	165	128
508	166	128
509	166	128
510	166	128
511	166	128
512	165	128
513	165	128
514	165	128
515	165	129
516	165	128
517	165	128
518	165	128
519	165	128
520	165	128
521	166	128
522	166	128
523	166	128
524	166	128
525	166	128
526	167	128
527	167	128
528	167	128
529	168	128
530	169	128
531	169	129
532	169	128
533	169	128
534	170	128
535	170	128
536	171	128
537	171	128
538	172	128
539	172	128
540	173	128
541	173	128
542	173	128
543	174	128
544	175	128
545	175	128
546	175	128
547	176	128
548	176	128
549	177	128
550	177	128
551	177	128
552	177	128
553	177	128
554	177	128
555	178	128
556	178	128
557	179	128
558	178	128
559	178	128
560	179	128
561	179	128
562	179	128
563	179	128
564	179	128
565	179	128
566	179	128
567	179	128
568	178	128
569	178	128
570	178	128
571	178	128
572	177	128
573	178	128
574	177	128
575	177	128
576	176	129
577	176	128
578	176	128
579	176	128
580	175	128
581	175	128
582	174	128
583	173	128
584	173	128
585	173	128
586	173	128
587	173	128
588	173	129
589	168	128
590	164	128
591	167	128
592	170	128
593	172	128
594	168	128
595	170	128
596	170	128
597	168	128
598	166	128
599	167	128
600	169	128
601	169	128
602	168	128
603	169	128
604	167	128
605	168	129
606	168	128
607	168	128
608	168	128
609	167	128
610	168	128
611	167	128
612	167	128
613	168	128
614	169	128
615	168	128
616	169	128
617	169	128
618	169	128
619	169	128
620	169	128
621	170	128
622	170	128
623	170	128
624	170	128
625	170	128
626	170	128
627	171	128
628	172	128
629	172	128
630	173	128
631	172	128
632	173	128
633	173	128
634	174	128
635	174	128
636	174	128
637	174	128
638	175	128
639	175	128
640	176	128
641	176	128
642	176	128
643	176	128
644	176	128
645	176	128
646	177	128
647	176	128
648	176	128
649	176	128
650	176	128
651	175	128
652	176	128
653	176	128
654	176	128
655	176	128
656	176	128
657	175	128
658	175	128
659	174	128
660	174	128
661	174	128
662	174	128
663	173	128
664	173	128
665	173	128
666	172	128
667	173	128
668	174	128
669	173	128
670	171	128
671	170	129
672	170	128
673	169	128
674	169	128
675	168	128
676	167	128
677	167	128
678	167	128
679	166	128
680	166	128
681	165	129
682	164	128
683	164	128
684	164	128
685	165	128
686	163	128
687	163	128
688	163	128
689	164	128
690	164	128
691	163	128
692	163	128
693	163	128
694	163	128
695	162	128
696	161	128
697	162	128
698	162	128
699	162	128
700	163	128
701	162	128
702	162	128
703	162	128
704	162	128
705	162	128
706	162	128
707	162	128
708	161	128
709	160	128
710	160	128
711	159	128
712	158	128
713	159	128
714	158	128
715	157	128
716	157	128
717	157	128
718	156	128
719	156	128
720	157	128
721	157	128
722	158	128
723	158	128
724	159	128
725	159	128
726	161	128
727	161	128
728	163	128
729	164	128
730	166	128
731	167	128
732	169	128
733	171	128
734	172	128
735	174	128
736	176	128
737	178	128
738	179	128
739	181	128
740	183	128
741	185	128
742	188	128
743	190	128
744	192	128
745	194	128
746	196	128
747	197	128
748	199	128
749	201	128
750	203	128
751	205	128
752	207	128
753	208	128
754	209	128
755	210	128
756	212	128
757	214	128
758	214	128
759	215	128
760	214	128
761	214	128
762	214	128
763	214	128
764	213	128
765	212	129
766	212	129
767	211	128
768	210	128
769	209	128
770	207	128
771	206	128
772	205	128
773	203	128
774	201	128
775	199	128
776	196	128
777	193	128
778	191	128
779	187	128
780	184	128
781	180	128
782	177	128
783	173	128
784	170	128
785	167	128
786	163	128
787	159	128
788	157	128
789	154	128
790	152	128
791	150	128
792	148	128
793	145	128
794	143	128
795	142	128
796	141	128
797	139	128
798	137	128
799	136	128
800	135	128
801	135	128
802	134	128
803	134	128
804	133	128
805	133	128
806	133	128
807	133	128
808	132	128
809	132	128
810	132	128
811	132	128
812	131	128
813	131	128
814	130	128
815	129	128
816	129	128
817	129	128
818	128	128
819	127	128
820	127	128
821	126	128
822	126	128
823	125	128
824	125	128
825	126	128
826	126	128
827	127	128
828	128	128
829	128	128
830	127	128
831	128	128
832	130	128
833	130	128
834	131	128
835	131	128
836	132	128
837	133	128
838	133	128
839	134	128
840	137	128
841	137	128
842	138	128
843	140	128
844	141	128
845	142	128
846	144	128
847	145	128
848	147	128
849	148	128
850	149	128
851	150	128
852	151	128
853	152	128
854	152	128
855	152	128
856	153	128
857	155	128
858	154	128
859	151	128
860	147	128
861	149	128
862	151	128
863	153	128
864	152	128
865	155	128
866	154	128
867	152	128
868	150	128
869	151	128
870	153	128
871	154	128
872	153	128
873	152	128
874	150	128
875	150	128
876	149	128
877	149	128
878	150	128
879	149	128
880	150	128
881	150	128
882	150	128
883	152	128
884	153	128
885	153	128
886	153	128
887	154	128
888	154	128
889	155	128
890	155	128
891	156	128
892	155	128
893	155	128
894	155	128
895	156	128
896	156	128
897	156	128
898	157	128
899	157	128
900	157	128
901	157	128
902	156	128
903	157	128
904	157	128
905	156	128
906	156	128
907	156	128
908	156	128
909	156	128
910	156	128
911	156	128
912	155	128
913	154	128
914	154	128
915	154	128
916	154	128
917	154	128
918	154	128
919	154	128
920	154	128
921	155	128
922	155	128
923	157	128
924	157	128
925	159	128
926	159	128
927	160	128
928	161	128
929	162	128
930	163	128
931	163	128
932	164	128
933	164	129
934	165	128
935	166	128
936	166	129
937	168	128
938	171	128
939	172	129
940	171	128
941	171	128
942	171	129
943	172	128
944	172	128
945	171	128
946	171	128
947	171	128
948	171	129
949	171	128
950	171	128
951	169	129
952	168	128
953	168	128
954	168	128
955	168	128
956	167	129
957	166	128
958	166	128
959	166	128
960	167	128
961	166	128
962	167	128
963	166	128
964	165	128
965	164	128
966	164	128
967	165	128
968	165	128
969	165	128
970	166	128
971	166	128
972	166	128
973	166	128
974	167	128
975	167	128
976	167	128
977	168	128
978	168	128
979	168	128
980	168	128
981	169	128
982	169	128
983	169	128
984	169	128
985	170	129
986	170	129
987	170	128
988	169	128
989	169	128
990	169	128
991	168	128
992	168	128
993	167	128
994	166	128
995	166	128
996	165	129
997	165	128
998	164	128
999	163	128
1000	163	129
1001	162	129
1002	162	128
1003	161	128
1004	161	129
1005	161	128
1006	161	128
1007	161	128
1008	161	128
1009	161	128
1010	161	128
1011	161	128
1012	161	128
1013	162	128
1014	163	128
1015	164	128
1016	165	128
1017	165	128
1018	165	128
1019	165	128
1020	166	129
1021	166	129
1022	205	128
1023	165	127
1024	145	129
1025	169	127
1026	165	129
1027	159	128
1028	163	127
1029	168	128
1030	162	128
1031	161	128
1032	169	128
1033	168	129
1034	162	128
1035	163	129
1036	165	129
1037	161	128
1038	160	128
1039	164	129
1040	163	128
1041	158	129
1042	158	129
1043	160	128
1044	159	128
1045	159	128
1046	161	129
1047	160	128
1048	157	129
1049	157	129
1050	158	129
1051	156	129
1052	154	129
1053	152	128
1054	149	129
1055	145	129
1056	143	129
1057	141	129
1058	138	129
1059	134	129
1060	132	129
1061	130	129
1062	127	128
1063	123	129
1064	121	129
1065	118	129
1066	115	128
1067	112	129
1068	110	129
1069	107	129
1070	103	129
1071	100	129
1072	96	129
1073	93	128
1074	90	128
1075	89	129
1076	86	129
1077	83	129
1078	81	129
1079	78	128
1080	76	128
1081	74	129
1082	72	129
1083	70	128
1084	68	128
1085	66	128
1086	64	129
1087	62	128
1088	60	128
1089	58	128
1090	56	129
1091	54	129
1092	52	128
1093	51	128
1094	49	128
1095	48	128
1096	46	128
1097	44	128
1098	43	128
1099	41	129
1100	39	128
1101	38	129
1102	37	129
1103	36	128
1104	34	129
1105	33	128
1106	32	129
1107	31	128
1108	29	128
1109	29	128
1110	27	128
1111	26	128
1112	25	128
1113	24	128
1114	24	129
1115	23	128
1116	22	129
1117	21	128
1118	20	129
1119	20	128
1120	19	129
1121	18	128
1122	18	128
1123	18	128
1124	16	128
1125	16	128
1126	15	128
1127	16	128
1128	15	128
1129	11	128
1130	9	128
1131	9	128
1132	10	128
1133	10	128
1134	9	128
1135	13	128
1136	14	128
1137	11	128
1138	9	128
1139	9	128
1140	11	128
1141	10	128
1142	9	128
1143	9	128
1144	8	128
1145	8	129
1146	8	128
1147	7	128
1148	7	128
1149	7	128
1150	7	128
1151	7	128
1152	7	129
1153	7	129
1154	6	128
1155	6	128
1156	6	129
1157	6	128
1158	5	128
1159	5	128
1160	5	128
1161	5	128
1162	5	128
1163	5	128
1164	5	128
1165	4	129
1166	4	128
1167	4	128
1168	4	128
1169	4	129
1170	3	128
1171	3	128
1172	4	128
1173	3	128
1174	3	129
1175	3	128
1176	3	128
1177	3	128
1178	3	128
1179	3	129
1180	3	128
1181	3	128
1182	3	129
1183	2	128
1184	2	128
1185	2	129
1186	3	129
1187	2	128
1188	2	129
1189	2	129
1190	2	128
1191	2	129
1192	2	129
1193	2	128
1194	2	128
1195	2	129
1196	2	128
1197	1	129
1198	1	128
1199	1	128
1200	2	128
1201	1	129
1202	1	128
1203	1	128
1204	1	129
1205	1	129
1206	0	128
1207	0	128
1208	2	129
1209	3	129
1210	1	129
1211	0	128
1212	1	128
1213	1	128
1214	1	128
1215	0	128
1216	0	129
1217	0	129
1218	0	129
1219	1	128
1220	0	128
1221	0	128
1222	0	128
1223	0	128
1224	0	128
1225	0	128
1226	0	128
1227	0	128
1228	0	128
1229	1	128
1230	0	128
1231	0	128
1232	0	128
1233	0	128
1234	0	128
1235	0	128
1236	0	128
1237	0	128
1238	0	128
1239	0	128
1240	0	128
1241	0	128
1242	0	128
1243	0	128
1244	0	128
1245	0	128
1246	0	128
1247	0	128
1248	0	128
1249	0	128
1250	0	128
1251	0	128
1252	0	128
1253	0	128
1254	0	128
1255	0	128
1256	0	128
1257	0	128
1258	0	128
1259	0	128
1260	0	129
1261	0	128
1262	0	128
1263	0	128
1264	0	128
1265	0	128
1266	0	128
1267	0	128
1268	0	128
1269	0	128
1270	0	128
1271	0	128
1272	0	128
1273	0	128
1274	0	128
1275	0	128
1276	0	128
1277	0	128
1278	0	128
1279	0	128
1280	0	128
1281	0	128
1282	0	128
1283	0	128
1284	0	128
1285	0	128
1286	0	128
1287	0	128
1288	0	128
1289	0	128
1290	0	128
1291	0	128
1292	0	128
1293	0	128
1294	0	128
1295	0	128
1296	0	128
1297	0	128
1298	0	128
1299	0	128
1300	0	128
1301	0	128
1302	0	128
1303	0	128
1304	0	128
1305	0	128
1306	0	128
1307	0	128
1308	0	128
1309	0	128
1310	0	128
1311	0	128
1312	0	128
1313	0	128
1314	0	128
1315	0	128
1316	0	128
1317	0	128
1318	0	128
1319	0	128
1320	0	128
1321	0	128
1322	0	128
1323	0	128
1324	0	128
1325	0	128
1326	0	128
1327	0	128
1328	0	128
1329	0	128
1330	0	128
1331	0	128
1332	0	128
1333	1	128
1334	0	128
1335	0	128
1336	1	128
1337	1	128
1338	1	128
1339	1	128
1340	1	128
1341	1	128
1342	1	128
1343	1	128
1344	1	128
1345	2	128
1346	2	128
1347	2	128
1348	2	128
1349	2	128
1350	3	128
1351	3	128
1352	3	128
1353	3	128
1354	4	128
1355	4	128
1356	4	128
1357	4	128
1358	5	128
1359	5	128
1360	6	128
1361	6	128
1362	6	128
1363	7	128
1364	7	128
1365	8	128
1366	9	128
1367	9	128
1368	10	128
1369	11	128
1370	12	128
1371	13	128
1372	14	128
1373	15	128
1374	17	128
1375	18	128
1376	19	128
1377	21	128
1378	23	128
1379	25	128
1380	28	128
1381	31	128
1382	34	128
1383	37	128
1384	38	128
1385	38	128
1386	37	128
1387	37	128
1388	36	128
1389	35	129
1390	35	128
1391	34	128
1392	35	128
1393	35	128
1394	35	128
1395	35	129
1396	35	128
1397	35	128
1398	35	128
1399	31	128
1400	30	128
1401	30	128
1402	31	128
1403	29	128
1404	29	128
1405	33	128
1406	33	129
1407	31	128
1408	28	128
1409	29	128
1410	30	128
1411	29	128
1412	28	128
1413	28	128
1414	27	128
1415	27	128
1416	26	128
1417	26	128
1418	25	128
1419	25	128
1420	24	128
1421	23	128
1422	23	128
1423	23	128
1424	22	128
1425	22	128
1426	21	128
1427	21	128
1428	20	128
1429	19	128
1430	19	128
1431	19	128
1432	19	128
1433	18	128
1434	18	128
1435	17	129
1436	17	129
1437	16	128
1438	16	128
1439	16	128
1440	15	128
1441	15	128
1442	15	128
1443	14	128
1444	14	128
1445	13	128
1446	13	128
1447	13	128
1448	12	128
1449	12	128
1450	12	128
1451	12	128
1452	11	128
1453	11	128
1454	11	128
1455	10	129
1456	10	128
1457	10	129
1458	10	128
1459	9	129
1460	9	128
1461	9	128
1462	9	128
1463	8	128
1464	8	128
1465	8	128
1466	7	128
1467	7	128
1468	7	128
1469	7	128
1470	7	128
1471	7	128
1472	7	128
1473	6	128
1474	6	128
1475	6	128
1476	5	128
1477	5	128
1478	6	128
1479	7	128
1480	5	128
1481	5	128
1482	5	128
1483	5	128
1484	5	128
1485	4	129
1486	4	128
1487	4	129
1488	4	128
1489	4	128
1490	4	128
1491	4	128
1492	3	128
1493	3	128
1494	3	128
1495	3	128
1496	2	128
1497	2	128
1498	1	128
1499	3	128
1500	3	128
1501	2	128
1502	3	128
1503	3	128
1504	2	128
1505	2	128
1506	2	128
1507	2	128
1508	1	128
1509	2	128
1510	2	128
1511	2	128
1512	2	128
1513	1	128
1514	2	128
1515	1	128
1516	2	128
1517	2	128
1518	1	128
1519	1	128
1520	1	128
1521	1	128
1522	1	128
1523	1	128
1524	1	128
1525	1	128
1526	1	128
1527	1	128
1528	1	128
1529	1	128
1530	1	128
1531	1	128
1532	1	128
1533	1	128
1534	1	128
1535	1	128
1536	0	128
1537	1	128
1538	1	128
1539	0	128
1540	0	128
1541	0	128
1542	0	128
1543	0	127
1544	0	128
1545	0	128
1546	0	128
1547	0	128
1548	0	128
1549	0	128
1550	0	128
1551	0	128
1552	0	128
1553	0	128
1554	0	128
1555	0	128
1556	0	128
1557	0	128
1558	0	128
1559	0	128
1560	0	128
1561	0	128
1562	0	128
1563	0	128
1564	0	128
1565	0	128
1566	0	128
1567	0	129
1568	0	128
1569	0	128
1570	0	128
1571	0	128
1572	0	128
1573	0	129
1574	0	128
1575	0	128
1576	0	128
1577	0	128
1578	0	128
1579	0	129
1580	0	128
1581	0	128
1582	0	128
1583	0	128
1584	0	128
1585	0	128
1586	0	128
1587	0	128
1588	0	128
1589	0	128
1590	0	129
1591	0	128
1592	0	128
1593	0	128
1594	0	128
1595	0	128
1596	0	129
1597	0	128
1598	0	128
1599	0	128
1600	0	128
1601	0	129
1602	0	128
1603	0	128
1604	0	128
1605	0	128
1606	0	128
1607	0	128
1608	0	129
1609	0	128
1610	0	128
1611	0	129
1612	0	128
1613	0	128
1614	1	128
1615	1	128
1616	0	128
1617	0	129
1618	1	128
1619	1	128
1620	0	128
1621	0	128
1622	0	128
1623	0	128
1624	0	128
1625	0	128
1626	0	128
1627	0	128
1628	0	128
1629	0	128
1630	1	128
1631	1	128
1632	1	128
1633	1	128
1634	1	128
1635	1	128
1636	1	128
1637	1	128
1638	1	128
1639	1	128
1640	1	128
1641	1	128
1642	1	128
1643	1	128
1644	1	128
1645	1	128
1646	1	128
1647	1	128
1648	1	128
1649	1	128
1650	1	128
1651	2	128
1652	1	128
1653	1	128
1654	1	128
1655	1	128
1656	2	128
1657	1	128
1658	1	128
1659	2	128
1660	2	128
1661	2	128
1662	3	128
1663	3	128
1664	3	128
1665	3	128
1666	4	128
1667	5	128
1668	5	128
1669	4	128
1670	7	128
1671	8	128
1672	10	128
1673	17	128
1674	33	128
1675	90	128
1676	217	128
1677	255	128
1678	255	128
1679	255	128
1680	255	128
1681	255	128
1682	255	128
1683	255	128
1684	255	128
1685	255	128
1686	255	129
1687	255	129
1688	255	128
1689	255	129
1690	255	128
1691	255	129
1692	255	128
1693	255	128
1694	255	128
1695	255	129
1696	255	128
1697	255	128
1698	255	128
1699	255	128
1700	255	128
1701	241	128
1702	223	127
1703	200	128
1704	175	128
1705	151	127
1706	135	127
1707	125	127
1708	119	127
1709	112	128
1710	101	127
1711	91	128
1712	81	128
1713	74	127
1714	69	128
1715	66	128
1716	63	128
1717	59	128
1718	55	128
1719	51	128
1720	48	128
1721	45	128
1722	43	127
1723	41	128
1724	40	128
1725	39	128
1726	38	128
1727	37	128
1728	35	128
1729	35	128
1730	33	128
1731	33	128
1732	32	128
1733	32	128
1734	31	128
1735	32	128
1736	31	128
1737	31	128
1738	31	128
1739	32	128
1740	32	128
1741	33	128
1742	33	128
1743	35	128
1744	36	128
1745	37	128
1746	38	128
1747	39	128
1748	43	128
1749	46	128
1750	47	128
1751	48	128
1752	51	128
1753	56	128
1754	58	128
1755	61	128
1756	65	128
1757	69	128
1758	73	128
1759	79	128
1760	85	128
1761	91	128
1762	96	128
1763	103	128
1764	111	128
1765	119	128
1766	127	128
1767	136	128
1768	144	128
1769	155	128
1770	165	128
1771	175	128
1772	187	128
1773	198	128
1774	209	128
1775	220	128
1776	231	128
1777	242	128
1778	252	128
1779	255	128
1780	255	128
1781	255	128
1782	255	128
1783	255	128
1784	255	129
1785	255	129
1786	255	128
1787	255	129
1788	255	129
1789	255	128
1790	255	128
1791	255	129
1792	255	128
1793	255	129
1794	255	128
1795	255	128
1796	255	128
1797	255	128
1798	249	128
1799	240	128
1800	231	128
1801	223	128
1802	215	128
1803	206	128
1804	198	128
1805	190	128
1806	183	128
1807	175	128
1808	168	128
1809	162	128
1810	156	128
1811	150	128
1812	144	128
1813	139	128
1814	134	128
1815	129	128
1816	125	128
1817	121	128
1818	117	128
1819	113	128
1820	111	128
1821	108	128
1822	105	128
1823	103	129
1824	100	128
1825	97	128
1826	96	128
1827	94	128
1828	93	128
1829	92	128
1830	91	128
1831	90	128
1832	89	128
1833	88	128
1834	87	128
1835	87	128
1836	88	128
1837	88	128
1838	88	129
1839	88	128
1840	89	128
1841	89	128
1842	91	128
1843	91	128
1844	93	128
1845	95	128
1846	96	128
1847	98	128
1848	100	128
1849	103	128
1850	105	128
1851	107	128
1852	111	128
1853	114	128
1854	117	128
1855	120	128
1856	124	128
1857	128	128
1858	133	127
1859	137	128
1860	141	128
1861	145	127
1862	150	128
1863	155	128
1864	160	128
1865	165	128
1866	171	128
1867	176	128
1868	182	128
1869	188	128
1870	192	128
1871	197	128
1872	202	127
1873	208	127
1874	214	128
1875	218	128
1876	223	128
1877	226	128
1878	229	128
1879	232	128
1880	235	128
1881	238	128
1882	240	128
1883	241	128
1884	241	128
1885	241	128
1886	241	128
1887	241	128
1888	239	128
1889	238	128
1890	235	128
1891	233	128
1892	231	128
1893	228	128
1894	225	128
1895	222	128
1896	218	128
1897	214	128
1898	210	128
1899	206	128
1900	203	128
1901	199	128
1902	195	128
1903	191	128
1904	187	128
1905	183	128
1906	180	128
1907	177	128
1908	174	128
1909	171	128
1910	167	128
1911	165	128
1912	163	128
1913	161	128
1914	158	128
1915	155	128
1916	153	128
1917	152	128
1918	151	128
1919	150	128
1920	149	128
1921	148	128
1922	147	128
1923	147	128
1924	147	128
1925	147	128
1926	147	128
1927	148	128
1928	147	128
1929	148	128
1930	149	128
1931	151	128
1932	153	128
1933	155	128
1934	155	128
1935	157	128
1936	159	128
1937	163	128
1938	164	128
1939	165	128
1940	169	128
1941	169	128
1942	171	128
1943	175	128
1944	181	128
1945	189	128
1946	192	128
1947	195	128
1948	197	128
1949	202	128
1950	207	128
1951	210	128
1952	214	128
1953	217	128
1954	220	128
1955	224	128
1956	227	128
1957	230	128
1958	233	128
1959	235	129
1960	237	128
1961	238	128
1962	240	128
1963	241	128
1964	243	128
1965	243	128
1966	243	128
1967	242	128
1968	241	128
1969	241	128
1970	240	128
1971	239	128
1972	237	128
1973	234	128
1974	231	128
1975	229	128
1976	227	128
1977	224	128
1978	221	128
1979	218	128
1980	215	128
1981	211	128
1982	208	128
1983	205	128
1984	202	128
1985	199	128
1986	195	128
1987	192	128
1988	190	128
1989	187	128
1990	185	128
1991	182	128
1992	179	128
1993	177	128
1994	174	128
1995	173	128
1996	171	128
1997	169	128
1998	167	128
1999	165	129
2000	163	128
2001	162	128
2002	161	128
2003	161	128
2004	160	128
2005	159	128
2006	157	128
2007	157	128
2008	157	129
2009	157	128
2010	156	128
2011	156	128
2012	156	128
2013	155	128
2014	156	128
2015	156	129
2016	156	128
2017	156	128
2018	159	128
2019	159	129
2020	159	128
2021	160	128
2022	161	128
2023	162	128
2024	163	128
2025	163	128
2026	164	128
2027	166	128
2028	168	128
2029	169	128
2030	169	128
2031	170	128
2032	171	128
2033	173	128
2034	175	128
2035	177	128
2036	177	128
2037	177	128
2038	178	128
2039	181	128
2040	183	128
2041	184	128
2042	186	128
2043	187	128
2044	187	128
2045	188	128
2046	189	128
2047	191	128
2048	191	128
2049	192	128
2050	193	128
2051	193	128
2052	193	128
2053	194	128
2054	194	128
2055	194	128
2056	194	128
2057	193	128
2058	193	128
2059	193	128
2060	193	128
2061	191	128
2062	191	128
2063	190	128
2064	190	128
2065	189	128
2066	188	128
2067	187	128
2068	185	128
2069	184	128
2070	183	128
2071	182	128
2072	181	128
2073	179	129
2074	177	128
2075	177	128
2076	175	128
2077	174	128
2078	173	128
2079	171	128
2080	170	128
2081	168	128
2082	167	128
2083	166	128
2084	165	128
2085	164	128
2086	162	128
2087	161	128
2088	160	128
2089	159	128
2090	159	128
2091	158	128
2092	158	128
2093	157	128
2094	156	128
2095	155	128
2096	155	128
2097	155	128
2098	155	128
2099	155	128
2100	155	128
2101	154	128
2102	154	128
2103	154	128
2104	155	128
2105	155	129
2106	155	128
2107	155	128
2108	155	128
2109	155	128
2110	156	128
2111	157	128
2112	157	128
2113	157	128
2114	158	128
2115	158	128
2116	159	128
2117	160	128
2118	160	128
2119	161	128
2120	162	128
2121	162	128
2122	162	128
2123	163	128
2124	165	128
2125	166	128
2126	166	128
2127	166	128
2128	167	128
2129	167	128
2130	168	128
2131	170	128
2132	170	128
2133	171	128
2134	171	128
2135	172	128
2136	173	128
2137	174	128
2138	175	128
2139	176	128
2140	176	128
2141	177	128
2142	178	128
2143	179	128
2144	180	128
2145	180	128
2146	180	129
2147	181	128
2148	181	128
2149	183	128
2150	183	128
2151	184	128
2152	184	128
2153	184	128
2154	185	128
2155	185	128
2156	185	129
2157	185	128
2158	185	128
2159	185	129
2160	185	128
2161	185	128
2162	185	128
2163	185	129
2164	185	128
2165	184	128
2166	184	128
2167	184	128
2168	183	128
2169	183	128
2170	182	128
2171	182	128
2172	182	128
2173	181	128
2174	180	128
2175	180	128
2176	179	128
2177	178	128
2178	178	128
2179	177	128
2180	177	128
2181	176	128
2182	175	128
2183	175	128
2184	174	128
2185	173	128
2186	172	128
2187	172	128
2188	171	128
2189	171	128
2190	171	128
2191	170	128
2192	169	128
2193	169	128
2194	168	128
2195	167	129
2196	167	128
2197	167	128
2198	167	128
2199	166	128
2200	166	128
2201	166	129
2202	166	128
2203	166	128
2204	165	128
2205	165	128
2206	165	128
2207	166	128
2208	165	128
2209	164	128
2210	166	128
2211	163	128
2212	161	128
2213	160	128
2214	164	128
2215	169	128
2216	169	128
2217	168	128
2218	168	128
2219	169	128
2220	171	128
2221	171	128
2222	172	128
2223	173	128
2224	172	128
2225	173	128
2226	175	128
2227	176	128
2228	177	128
2229	177	127
2230	177	128
2231	177	127
2232	178	127
2233	180	128
2234	181	128
2235	181	128
2236	181	127
2237	181	128
2238	182	128
2239	183	128
2240	184	128
2241	185	128
2242	185	128
2243	185	128
2244	185	127
2245	185	128
2246	186	128
2247	186	128
2248	185	128
2249	185	128
2250	185	128
2251	185	128
2252	186	128
2253	185	128
2254	185	128
2255	185	128
2256	184	128
2257	183	128
2258	183	128
2259	183	128
2260	183	128
2261	182	128
2262	181	128
2263	181	128
2264	180	128
2265	180	128
2266	179	128
2267	178	128
2268	177	128
2269	177	128
2270	176	128
2271	176	128
2272	176	128
2273	175	128
2274	174	128
2275	173	128
2276	172	128
2277	172	128
2278	172	128
2279	172	128
2280	171	128
2281	170	128
2282	169	128
2283	169	128
2284	169	128
2285	169	128
2286	167	128
2287	166	128
2288	168	128
2289	168	128
2290	167	128
2291	166	128
2292	167	128
2293	167	129
2294	166	128
2295	165	128
2296	165	128
2297	166	128
2298	166	128
2299	166	128
2300	165	128
2301	165	128
2302	165	128
2303	165	128
2304	165	128
2305	166	128
2306	165	128
2307	165	128
2308	164	128
2309	165	128
2310	166	128
2311	167	128
2312	167	128
2313	167	128
2314	167	128
2315	167	128
2316	167	128
2317	167	128
2318	168	128
2319	168	128
2320	169	128
2321	169	128
2322	170	128
2323	170	128
2324	170	128
2325	171	128
2326	171	128
2327	172	128
2328	172	128
2329	172	128
2330	173	128
2331	173	128
2332	174	128
2333	175	128
2334	175	128
2335	176	128
2336	176	128
2337	176	128
2338	177	128
2339	178	128
2340	178	128
2341	179	128
2342	179	128
2343	180	128
2344	181	128
2345	181	128
2346	181	128
2347	181	128
2348	181	128
2349	182	128
2350	183	128
2351	183	128
2352	183	128
2353	183	128
2354	184	128
2355	184	128
2356	184	128
2357	184	128
2358	184	128
2359	184	129
2360	184	128
2361	184	128
2362	184	128
2363	184	128
2364	183	128
2365	183	128
2366	183	128
2367	182	128
2368	182	129
2369	181	129
2370	181	128
2371	180	128
2372	180	129
2373	179	128
2374	179	128
2375	178	128
2376	178	129
2377	177	128
2378	176	128
2379	176	128
2380	175	128
2381	175	128
2382	174	128
2383	173	128
2384	173	128
2385	172	129
2386	171	129
2387	171	128
2388	170	128
2389	170	128
2390	170	128
2391	169	129
2392	169	128
2393	168	128
2394	168	128
2395	168	129
2396	167	129
2397	167	128
2398	167	128
2399	167	129
2400	167	128
2401	166	128
2402	166	128
2403	166	129
2404	165	128
2405	166	128
2406	166	128
2407	166	128
2408	166	128
2409	166	128
2410	166	128
2411	166	128
2412	166	128
2413	167	128
2414	167	128
2415	167	129
2416	167	128
2417	168	129
2418	168	128
2419	168	128
2420	168	128
2421	169	128
2422	169	128
2423	170	128
2424	171	128
2425	171	128
2426	171	128
2427	171	129
2428	172	128
2429	173	128
2430	173	128
2431	173	128
2432	174	128
2433	175	128
2434	175	128
2435	176	128
2436	176	128
2437	176	128
2438	177	128
2439	177	128
2440	178	128
2441	178	128
2442	178	128
2443	178	128
2444	178	128
2445	178	128
2446	179	128
2447	178	128
2448	178	128
2449	178	128
2450	178	129
2451	178	128
2452	178	128
2453	177	128
2454	176	128
2455	175	128
2456	175	128
2457	173	128
2458	173	128
2459	171	128
2460	170	128
2461	168	128
2462	167	128
2463	166	129
2464	165	128
2465	163	128
2466	162	128
2467	161	128
2468	160	128
2469	159	128
2470	158	128
2471	157	128
2472	156	128
2473	155	128
2474	155	128
2475	154	128
2476	154	128
2477	154	128
2478	153	128
2479	152	128
2480	155	128
2481	152	128
2482	149	128
2483	147	127
2484	152	128
2485	157	128
2486	156	128
2487	156	128
2488	157	129
2489	158	128
2490	159	128
2491	160	128
2492	161	129
2493	161	129
2494	162	128
2495	163	129
2496	164	128
2497	166	129
2498	167	129
2499	167	128
2500	169	129
2501	170	129
2502	171	129
2503	172	129
2504	174	129
2505	175	128
2506	175	129
2507	176	128
2508	177	129
2509	178	128
2510	179	128
2511	180	129
2512	181	129
2513	181	128
2514	182	129
2515	182	128
2516	183	128
2517	183	128
2518	183	128
2519	184	128
2520	184	128
2521	184	128
2522	184	128
2523	184	128
2524	184	128
2525	184	128
2526	184	128
2527	183	128
2528	183	128
2529	182	128
2530	182	128
2531	182	128
2532	181	128
2533	181	128
2534	180	128
2535	179	128
2536	179	128
2537	179	128
2538	178	128
2539	177	128
2540	177	128
2541	175	128
2542	175	128
2543	174	128
2544	173	128
2545	173	128
2546	173	128
2547	172	128
2548	171	128
2549	171	128
2550	170	128
2551	170	128
2552	169	128
2553	169	129
2554	169	128
2555	168	128
2556	167	128
2557	166	128
2558	167	128
2559	168	128
2560	166	128
2561	165	128
2562	166	128
2563	166	128
2564	166	128
2565	165	128
2566	164	128
2567	164	128
2568	166	128
2569	166	128
2570	166	128
2571	165	128
2572	165	128
2573	165	128
2574	165	128
2575	166	128
2576	166	128
2577	166	128
2578	165	128
2579	165	128
2580	166	128
2581	167	128
2582	169	128
2583	169	128
2584	169	128
2585	169	128
2586	169	128
2587	169	128
2588	170	128
2589	171	128
2590	172	128
2591	172	128
2592	172	128
2593	173	128
2594	173	128
2595	174	128
2596	175	128
2597	175	128
2598	175	129
2599	175	128
2600	176	128
2601	177	128
2602	177	128
2603	178	128
2604	179	128
2605	179	128
2606	179	128
2607	180	128
2608	180	128
2609	181	128
2610	181	128
2611	181	128
2612	182	128
2613	182	128
2614	183	128
2615	183	128
2616	183	128
2617	183	128
2618	184	128
2619	183	128
2620	183	128
2621	184	128
2622	184	128
2623	184	128
2624	184	128
2625	184	128
2626	184	128
2627	184	128
2628	184	128
2629	184	128
2630	184	128
2631	183	128
2632	183	128
2633	183	128
2634	182	128
2635	183	128
2636	183	128
2637	182	128
2638	181	128
2639	180	128
2640	180	128
2641	180	128
2642	180	128
2643	179	128
2644	179	129
2645	178	128
2646	177	128
2647	177	129
2648	176	128
2649	176	128
2650	175	128
2651	174	128
2652	174	128
2653	174	128
2654	173	129
2655	173	128
2656	171	128
2657	170	129
2658	170	128
2659	170	128
2660	170	129
2661	169	128
2662	168	129
2663	167	128
2664	167	128
2665	167	128
2666	167	129
2667	167	128
2668	166	128
2669	166	129
2670	165	129
2671	165	129
2672	165	128
2673	166	128
2674	166	128
2675	165	128
2676	165	129
2677	166	128
2678	166	128
2679	167	128
2680	167	128
2681	167	128
2682	167	128
2683	168	128
2684	169	128
2685	169	128
2686	169	128
2687	170	128
2688	170	128
2689	171	128
2690	171	128
2691	172	128
2692	172	128
2693	173	128
2694	174	128
2695	175	128
2696	175	128
2697	175	128
2698	176	128
2699	177	128
2700	177	128
2701	177	128
2702	178	128
2703	179	128
2704	180	128
2705	180	128
2706	181	128
2707	182	128
2708	182	128
2709	183	128
2710	183	128
2711	183	128
2712	184	128
2713	184	128
2714	184	128
2715	184	128
2716	185	128
2717	185	128
2718	186	128
2719	186	128
2720	186	128
2721	186	128
2722	186	128
2723	186	128
2724	186	128
2725	185	128
2726	186	128
2727	186	128
2728	186	128
2729	185	128
2730	185	128
2731	185	128
2732	184	128
2733	184	128
2734	183	128
2735	183	128
2736	183	128
2737	182	128
2738	181	128
2739	181	128
2740	180	128
2741	180	128
2742	179	128
2743	179	128
2744	178	128
2745	178	128
2746	177	128
2747	176	128
2748	174	128
2749	173	128
2750	178	128
2751	175	128
2752	169	128
2753	165	127
2754	169	128
2755	173	128
2756	171	128
2757	170	128
2758	170	128
2759	169	128
2760	169	128
2761	168	128
2762	168	128
2763	167	128
2764	166	128
2765	166	128
2766	165	128
2767	165	128
2768	165	128
2769	165	128
2770	164	128
2771	164	128
2772	164	128
2773	165	128
2774	165	128
2775	164	128
2776	164	128
2777	164	128
2778	163	128
2779	164	128
2780	164	127
2781	165	128
2782	165	128
2783	164	128
2784	165	128
2785	165	128
2786	165	128
2787	165	128
2788	165	128
2789	166	128
2790	166	128
2791	167	128
2792	167	128
2793	167	128
2794	167	128
2795	168	128
2796	168	128
2797	169	128
2798	169	128
2799	169	129
2800	170	128
2801	170	128
2802	171	128
2803	171	128
2804	171	128
2805	171	128
2806	171	128
2807	172	128
2808	173	128
2809	173	128
2810	174	128
2811	174	128
2812	174	128
2813	174	128
2814	175	128
2815	175	128
2816	175	128
2817	176	128
2818	176	128
2819	176	128
2820	177	128
2821	177	128
2822	176	128
2823	177	128
2824	177	128
2825	178	128
2826	177	128
2827	176	128
2828	177	128
2829	178	128
2830	178	128
2831	177	128
2832	178	128
2833	178	128
2834	178	128
2835	177	128
2836	176	128
2837	177	128
2838	177	128
2839	177	128
2840	176	128
2841	176	128
2842	175	128
2843	175	128
2844	175	128
2845	175	128
2846	174	128
2847	174	128
2848	171	128
2849	171	128
2850	171	128
2851	171	128
2852	172	128
2853	172	128
2854	171	128
2855	170	128
2856	170	128
2857	169	128
2858	169	128
2859	169	129
2860	169	128
2861	168	128
2862	167	128
2863	167	128
2864	166	128
2865	166	128
2866	167	128
2867	166	128
2868	166	128
2869	165	128
2870	165	128
2871	165	128
2872	165	128
2873	165	128
2874	165	128
2875	165	128
2876	164	128
2877	164	128
2878	164	128
2879	164	128
2880	164	128
2881	164	128
2882	164	128
2883	164	128
2884	164	128
2885	164	128
2886	165	128
2887	165	128
2888	165	128
2889	164	128
2890	165	128
2891	165	128
2892	165	128
2893	165	128
2894	165	128
2895	165	129
2896	166	128
2897	166	128
2898	166	128
2899	167	128
2900	167	128
2901	168	128
2902	168	128
2903	168	128
2904	169	128
2905	170	128
2906	170	128
2907	170	128
2908	171	128
2909	171	128
2910	172	129
2911	173	128
2912	173	128
2913	173	128
2914	173	128
2915	174	128
2916	175	128
2917	176	128
2918	177	128
2919	177	128
2920	177	128
2921	178	128
2922	178	128
2923	178	128
2924	179	128
2925	179	128
2926	179	128
2927	179	128
2928	180	128
2929	180	128
2930	180	128
2931	180	128
2932	180	128
2933	180	128
2934	181	128
2935	181	128
2936	181	128
2937	181	128
2938	181	128
2939	181	128
2940	180	128
2941	180	128
2942	180	128
2943	179	128
2944	179	128
2945	179	128
2946	179	128
2947	179	128
2948	178	128
2949	178	128
2950	178	128
2951	177	128
2952	177	128
2953	177	128
2954	176	128
2955	176	128
2956	175	128
2957	175	128
2958	175	128
2959	175	128
2960	175	128
2961	174	128
2962	174	128
2963	174	128
2964	173	128
2965	173	128
2966	173	128
2967	172	128
2968	172	128
2969	172	128
2970	171	128
2971	171	128
2972	171	128
2973	171	128
2974	171	128
2975	170	128
2976	170	128
2977	171	128
2978	170	128
2979	171	128
2980	170	128
2981	170	128
2982	170	128
2983	170	128
2984	170	129
2985	171	128
2986	171	128
2987	171	128
2988	170	128
2989	171	128
2990	171	129
2991	171	128
2992	171	128
2993	172	128
2994	172	128
2995	171	128
2996	172	128
2997	172	128
2998	172	128
2999	172	128
3000	172	128
3001	172	128
3002	173	128
3003	173	128
3004	173	128
3005	173	128
3006	173	128
3007	174	128
3008	174	128
3009	174	128
3010	174	128
3011	174	128
3012	173	128
3013	174	128
3014	173	128
3015	173	128
3016	174	128
3017	174	128
3018	172	128
3019	173	128
3020	178	128
3021	177	128
3022	172	128
3023	167	128
3024	171	128
3025	174	128
3026	172	128
3027	172	128
3028	173	128
3029	173	128
3030	172	128
3031	171	128
3032	171	128
3033	171	128
3034	170	128
3035	170	128
3036	169	128
3037	171	128
3038	170	128
3039	170	128
3040	169	128
3041	169	128
3042	169	128
3043	169	128
3044	168	128
3045	169	128
3046	168	128
3047	168	128
3048	167	128
3049	167	128
3050	168	128
3051	168	128
3052	167	128
3053	167	128
3054	167	128
3055	167	128
3056	167	128
3057	167	128
3058	167	128
3059	167	128
3060	167	128
3061	167	128
3062	167	128
3063	167	128
3064	167	128
3065	166	128
3066	167	128
3067	167	128
3068	168	128
3069	168	128
3070	167	128
3071	167	128
3072	167	128
3073	168	128
3074	169	128
3075	169	128
3076	169	128
3077	169	128
3078	169	128
3079	169	128
3080	169	128
3081	170	128
3082	170	128
3083	170	128
3084	171	128
3085	171	128
3086	171	128
3087	172	128
3088	171	128
3089	172	128
3090	172	128
3091	172	128
3092	172	128
3093	172	128
3094	173	128
3095	173	128
3096	173	128
3097	172	128
3098	173	128
3099	175	128
3100	175	128
3101	175	128
3102	175	128
3103	176	128
3104	176	128
3105	176	128
3106	176	128
3107	176	128
3108	177	128
3109	169	127
3110	173	128
3111	178	129
3112	184	128
3113	174	128
3114	178	128
3115	184	128
3116	178	128
3117	177	127
3118	184	127
3119	185	128
3120	178	127
3121	180	128
3122	183	128
3123	179	128
3124	177	128
3125	181	128
3126	181	128
3127	176	128
3128	176	128
3129	179	128
3130	176	128
3131	175	129
3132	177	128
3133	175	128
3134	173	128
3135	173	128
3136	174	128
3137	172	128
3138	169	128
3139	168	128
3140	165	128
3141	162	129
3142	160	129
3143	157	128
3144	154	128
3145	150	128
3146	147	128
3147	143	128
3148	139	128
3149	137	128
3150	134	129
3151	131	128
3152	127	128
3153	123	128
3154	119	128
3155	115	128
3156	111	128
3157	108	128
3158	103	128
3159	97	128
3160	92	128
3161	88	128
3162	85	128
3163	82	128
3164	78	128
3165	74	128
3166	71	128
3167	67	128
3168	64	128
3169	61	128
3170	58	128
3171	55	128
3172	52	128
3173	49	128
3174	47	128
3175	43	128
3176	41	128
3177	38	128
3178	36	128
3179	33	128
3180	31	128
3181	29	128
3182	28	128
3183	26	128
3184	25	128
3185	23	128
3186	22	128
3187	21	128
3188	20	128
3189	19	128
3190	18	128
3191	17	128
3192	16	128
3193	15	128
3194	15	127
3195	14	128
3196	13	128
3197	12	128
3198	12	128
3199	11	128
3200	11	128
3201	10	127
3202	10	128
3203	9	128
3204	9	128
3205	9	128
3206	8	128
3207	8	128
3208	7	128
3209	7	128
3210	6	128
3211	6	128
3212	6	128
3213	5	128
3214	5	128
3215	5	128
3216	5	128
3217	5	128
3218	4	128
3219	4	128
3220	4	128
3221	4	128
3222	4	128
3223	4	128
3224	4	128
3225	4	128
3226	3	128
3227	3	128
3228	3	128
3229	3	128
3230	3	128
3231	3	128
3232	2	128
3233	3	128
3234	2	129
3235	3	128
3236	2	128
3237	2	128
3238	2	128
3239	2	128
3240	2	128
3241	2	128
3242	2	128
3243	2	128
3244	1	128
3245	1	128
3246	2	128
3247	1	128
3248	1	128
3249	1	128
3250	1	128
3251	1	128
3252	1	128
3253	1	128
3254	1	128
3255	0	128
3256	1	128
3257	1	128
3258	1	128
3259	1	128
3260	0	128
3261	0	128
3262	1	128
3263	0	128
3264	0	128
3265	0	128
3266	0	128
3267	0	128
3268	0	128
3269	0	129
3270	0	128
3271	0	128
3272	0	128
3273	0	128
3274	0	128
3275	0	128
3276	0	128
3277	0	128
3278	0	128
3279	0	128
3280	0	128
3281	0	128
3282	0	128
3283	0	128
3284	0	128
3285	0	129
3286	0	128
3287	0	128
3288	0	128
3289	0	128
3290	5	128
3291	4	128
3292	0	128
3293	0	128
3294	0	128
3295	2	128
3296	0	128
3297	0	128
3298	0	128
3299	0	128
3300	0	128
3301	0	128
3302	0	128
3303	0	128
3304	0	128
3305	0	128
3306	0	128
3307	0	128
3308	0	128
3309	0	128
3310	0	128
3311	0	128
3312	0	128
3313	0	128
3314	0	128
3315	0	128
3316	0	128
3317	0	128
3318	0	128
3319	0	128
3320	0	128
3321	0	128
3322	0	128
3323	0	128
3324	0	128
3325	0	128
3326	0	128
3327	0	128
3328	0	128
3329	0	128
3330	0	128
3331	0	128
3332	0	128
3333	0	128
3334	0	128
3335	0	128
3336	0	128
3337	0	128
3338	0	128
3339	0	128
3340	0	128
3341	0	128
3342	0	128
3343	0	128
3344	0	128
3345	0	128
3346	0	128
3347	0	128
3348	0	128
3349	0	128
3350	0	128
3351	0	128
3352	0	128
3353	0	128
3354	0	128
3355	0	128
3356	0	128
3357	0	128
3358	0	128
3359	0	128
3360	0	128
3361	0	128
3362	0	128
3363	0	128
3364	0	128
3365	0	128
3366	0	128
3367	0	128
3368	0	128
3369	0	128
3370	0	128
3371	0	128
3372	0	128
3373	0	128
3374	0	128
3375	0	128
3376	0	128
3377	0	128
3378	0	128
3379	0	128
3380	0	128
3381	0	128
3382	0	129
3383	0	128
3384	0	129
3385	0	128
3386	0	128
3387	0	128
3388	0	128
3389	0	128
3390	0	128
3391	0	128
3392	0	128
3393	0	128
3394	0	128
3395	0	128
3396	0	128
3397	0	128
3398	0	128
3399	0	128
3400	0	128
3401	0	128
3402	0	128
3403	0	128
3404	0	128
3405	0	128
3406	0	128
3407	0	128
3408	0	128
3409	0	128
3410	0	128
3411	0	128
3412	0	128
3413	0	128
3414	0	128
3415	0	128
3416	0	128
3417	0	128
3418	0	128
3419	0	128
3420	0	128
3421	0	128
3422	0	128
3423	0	128
3424	0	128
3425	0	128
3426	0	128
3427	0	128
3428	0	128
3429	0	128
3430	0	127
3431	0	128
3432	0	127
3433	0	127
3434	0	128
3435	0	128
3436	0	127
3437	0	128
3438	0	128
3439	0	127
3440	0	127
3441	0	128
3442	0	128
3443	0	128
3444	0	128
3445	0	127
3446	0	127
3447	0	127
3448	0	127
3449	0	127
3450	0	128
3451	0	127
3452	0	128
3453	0	128
3454	0	128
3455	0	128
3456	0	128
3457	0	128
3458	0	128
3459	0	128
3460	0	128
3461	0	128
3462	0	128
3463	0	128
3464	0	128
3465	0	128
3466	0	128
3467	0	128
3468	0	128
3469	0	128
3470	0	128
3471	0	128
3472	0	128
3473	0	128
3474	0	128
3475	0	128
3476	0	128
3477	0	128
3478	0	128
3479	0	128
3480	0	128
3481	0	128
3482	0	128
3483	0	128
3484	0	128
3485	0	128
3486	0	128
3487	0	128
3488	0	128
3489	0	128
3490	0	128
3491	0	128
3492	0	128
3493	0	128
3494	0	128
3495	0	128
3496	0	128
3497	0	128
3498	0	128
3499	0	128
3500	0	128
3501	0	128
3502	0	128
3503	0	128
3504	0	128
3505	0	128
3506	0	128
3507	0	128
3508	0	128
3509	0	128
3510	0	128
3511	0	128
3512	0	128
3513	0	128
3514	0	128
3515	0	128
3516	0	128
3517	0	128
3518	0	128
3519	0	128
3520	0	128
3521	0	128
3522	0	128
3523	0	128
3524	0	127
3525	0	128
3526	0	128
3527	0	127
3528	0	128
3529	0	128
3530	0	128
3531	0	128
3532	0	128
3533	0	127
3534	0	128
3535	0	128
3536	0	128
3537	0	127
3538	0	128
3539	0	128
3540	0	128
3541	0	128
3542	0	128
3543	0	128
3544	0	128
3545	0	128
3546	0	128
3547	0	128
3548	0	128
3549	0	128
3550	0	128
3551	0	128
3552	0	128
3553	0	128
3554	0	128
3555	0	128
3556	0	128
3557	0	128
3558	0	128
3559	0	128
3560	4	128
3561	4	128
3562	0	128
3563	0	128
3564	0	128
3565	1	128
3566	0	128
3567	0	128
3568	0	128
3569	0	128
3570	0	128
3571	0	128
3572	0	128
3573	0	128
3574	0	128
3575	0	128
3576	0	128
3577	0	128
3578	0	128
3579	0	128
3580	0	128
3581	0	128
3582	0	128
3583	0	128
3584	0	128
3585	0	128
3586	0	128
3587	0	128
3588	0	128
3589	0	128
3590	0	128
3591	0	128
3592	0	128
3593	0	128
3594	0	128
3595	0	128
3596	0	128
3597	0	128
3598	0	128
3599	0	128
3600	0	128
3601	0	128
3602	0	128
3603	0	128
3604	0	128
3605	0	128
3606	0	128
3607	0	128
3608	0	128
3609	0	128
3610	0	128
3611	0	128
3612	0	128
3613	0	128
3614	0	128
3615	0	128
3616	0	128
3617	0	128
3618	0	128
3619	0	128
3620	0	128
3621	0	128
3622	0	128
3623	0	128
3624	0	128
3625	0	128
3626	0	128
3627	0	128
3628	0	128
3629	0	128
3630	0	128
3631	0	128
3632	0	128
3633	0	128
3634	0	128
3635	0	128
3636	0	128
3637	0	128
3638	0	128
3639	0	128
3640	0	128
3641	0	128
3642	0	128
3643	0	128
3644	0	128
3645	0	128
3646	0	128
3647	0	128
3648	0	128
3649	0	128
3650	0	128
3651	0	128
3652	0	128
3653	0	128
3654	0	128
3655	0	128
3656	0	128
3657	0	128
3658	0	128
3659	0	128
3660	0	128
3661	0	128
3662	0	128
3663	0	128
3664	0	128
3665	0	128
3666	0	128
3667	0	128
3668	0	128
3669	0	128
3670	0	128
3671	0	128
3672	0	128
3673	0	128
3674	0	128
3675	0	128
3676	0	128
3677	0	128
3678	0	128
3679	0	128
3680	0	128
3681	0	128
3682	1	128
3683	0	128
3684	1	128
3685	1	128
3686	2	128
3687	3	128
3688	3	128
3689	3	128
3690	3	128
3691	3	128
3692	3	128
3693	3	128
3694	4	128
3695	5	128
3696	7	128
3697	9	128
3698	13	128
3699	16	128
3700	20	128
3701	25	128
3702	34	128
3703	52	128
3704	89	128
3705	127	128
3706	136	128
3707	115	128
3708	88	128
3709	72	128
3710	68	128
3711	71	128
3712	71	128
3713	64	128
3714	53	128
3715	43	128
3716	37	128
3717	33	128
3718	32	128
3719	33	128
3720	36	128
3721	39	128
3722	43	128
3723	47	128
3724	51	128
3725	54	128
3726	57	128
3727	60	128
3728	64	128
3729	68	128
3730	73	128
3731	79	128
3732	87	128
3733	94	128
3734	102	128
3735	110	128
3736	118	128
3737	126	128
3738	135	128
3739	144	128
3740	150	128
3741	153	128
3742	154	128
3743	154	128
3744	156	128
3745	161	128
3746	169	128
3747	180	128
3748	191	128
3749	201	128
3750	212	128
3751	225	128
3752	238	128
3753	253	128
3754	255	128
3755	255	128
3756	255	128
3757	255	128
3758	255	128
3759	255	128
3760	255	128
3761	255	128
3762	255	128
3763	255	128
3764	255	128
3765	255	128
3766	255	128
3767	255	128
3768	255	128
3769	255	128
3770	255	128
3771	255	128
3772	255	128
3773	255	128
3774	255	128
3775	255	128
3776	255	128
3777	255	128
3778	255	128
3779	255	128
3780	255	128
3781	255	129
3782	255	128
3783	255	128
3784	255	128
3785	255	128
3786	255	128
3787	254	128
3788	247	128
3789	240	128
3790	234	128
3791	228	127
3792	221	128
3793	215	128
3794	209	128
3795	204	128
3796	199	128
3797	195	128
3798	190	128
3799	186	128
3800	181	128
3801	178	128
3802	175	128
3803	173	128
3804	170	128
3805	167	128
3806	164	128
3807	162	128
3808	161	128
3809	160	128
3810	159	128
3811	157	128
3812	156	128
3813	155	128
3814	154	128
3815	154	128
3816	154	128
3817	154	128
3818	153	128
3819	154	128
3820	154	128
3821	155	128
3822	155	128
3823	156	128
3824	156	128
3825	156	128
3826	157	128
3827	158	128
3828	158	128
3829	159	128
3830	165	128
3831	164	128
3832	160	128
3833	156	127
3834	162	128
3835	166	128
3836	166	128
3837	164	128
3838	166	128
3839	167	128
3840	167	128
3841	167	128
3842	167	128
3843	166	128
3844	163	128
3845	163	128
3846	163	128
3847	163	128
3848	161	128
3849	160	128
3850	158	128
3851	155	128
3852	154	128
3853	153	128
3854	151	128
3855	149	128
3856	147	128
3857	145	128
3858	143	128
3859	142	128
3860	141	128
3861	139	128
3862	137	128
3863	135	128
3864	135	128
3865	134	128
3866	133	128
3867	133	128
3868	132	128
3869	132	128
3870	131	128
3871	131	128
3872	131	128
3873	131	128
3874	131	128
3875	132	128
3876	132	128
3877	132	128
3878	132	128
3879	133	128
3880	135	128
3881	136	128
3882	137	128
3883	138	128
3884	139	128
3885	141	128
3886	143	128
3887	145	129
3888	146	128
3889	148	128
3890	149	128
3891	151	128
3892	153	128
3893	155	128
3894	157	128
3895	159	128
3896	161	128
3897	163	128
3898	165	128
3899	167	128
3900	170	128
3901	171	128
3902	173	128
3903	174	128
3904	176	128
3905	177	128
3906	178	128
3907	179	128
3908	182	128
3909	183	128
3910	183	128
3911	184	128
3912	186	128
3913	187	128
3914	187	128
3915	187	128
3916	186	128
3917	186	128
3918	188	128
3919	188	129
3920	187	128
3921	186	128
3922	185	128
3923	184	128
3924	183	128
3925	183	128
3926	182	128
3927	180	128
3928	177	128
3929	177	128
3930	177	128
3931	177	128
3932	179	128
3933	177	128
3934	174	128
3935	172	128
3936	173	128
3937	172	128
3938	173	128
3939	173	128
3940	171	128
3941	169	128
3942	169	128
3943	169	128
3944	169	128
3945	170	128
3946	169	128
3947	168	128
3948	167	128
3949	167	129
3950	168	128
3951	168	129
3952	168	128
3953	168	128
3954	168	128
3955	168	128
3956	168	129
3957	169	128
3958	169	128
3959	170	128
3960	171	128
3961	171	128
3962	171	128
3963	172	128
3964	172	128
3965	173	128
3966	174	128
3967	175	128
3968	175	128
3969	175	128
3970	176	128
3971	176	128
3972	177	128
3973	177	128
3974	178	128
3975	178	128
3976	179	128
3977	179	128
3978	180	128
3979	180	128
3980	180	128
3981	180	128
3982	181	128
3983	181	128
3984	180	128
3985	180	128
3986	180	128
3987	181	128
3988	181	128
3989	182	128
3990	182	128
3991	183	128
3992	183	128
3993	183	128
3994	184	128
3995	185	128
3996	186	128
3997	186	129
3998	186	128
3999	185	129
4000	185	129
4001	186	128
4002	186	128
4003	186	128
4004	186	128
4005	185	128
4006	185	128
4007	185	128
4008	185	129
4009	184	128
4010	183	128
4011	182	129
4012	182	128
4013	181	128
4014	180	128
4015	179	128
4016	178	128
4017	177	128
4018	175	128
4019	174	128
4020	173	128
4021	173	128
4022	172	128
4023	171	128
4024	170	128
4025	169	129
4026	169	128
4027	169	129
4028	169	128
4029	169	128
4030	169	128
4031	169	128
4032	170	128
4033	171	129
4034	173	128
4035	173	128
4036	174	128
4037	175	128
4038	176	128
4039	177	128
4040	178	128
4041	178	128
4042	179	128
4043	180	128
4044	181	128
4045	182	128
4046	183	128
4047	183	128
4048	183	128
4049	183	128
4050	183	128
4051	184	129
4052	184	129
4053	184	128
4054	184	129
4055	183	128
4056	183	128
4057	183	128
4058	182	128
4059	182	128
4060	181	128
4061	179	128
4062	179	128
4063	177	129
4064	176	128
4065	174	128
4066	171	129
4067	169	128
4068	167	128
4069	165	128
4070	163	128
4071	162	128
4072	162	128
4073	161	128
4074	161	128
4075	159	128
4076	159	128
4077	158	128
4078	159	128
4079	159	128
4080	158	128
4081	157	128
4082	157	128
4083	157	128
4084	157	128
4085	157	128
4086	156	128
4087	156	128
4088	156	128
4089	156	128
4090	156	128
4091	157	128
4092	157	128
4093	157	128
4094	158	128
4095	158	128
