
TIME STEP:
125 = 20us

VOLTAGE STEP:
CH1:  32 = 50mV
CH2:  32 = 15mV
GND	-11	128
N	CH1	CH2

0	179	128
1	179	127
2	179	128
3	179	128
4	179	128
5	178	128
6	177	128
7	177	128
8	177	128
9	177	128
10	176	128
11	176	128
12	175	128
13	175	128
14	175	128
15	175	128
16	174	128
17	174	129
18	173	128
19	173	128
20	172	128
21	173	128
22	172	128
23	171	128
24	171	128
25	171	128
26	171	128
27	170	128
28	171	128
29	170	128
30	169	129
31	169	128
32	169	128
33	169	129
34	169	128
35	168	128
36	168	128
37	168	128
38	168	128
39	168	129
40	167	128
41	167	128
42	168	128
43	167	128
44	167	128
45	167	128
46	167	128
47	168	128
48	168	128
49	167	128
50	167	128
51	167	128
52	168	128
53	168	128
54	168	128
55	167	128
56	168	128
57	168	128
58	168	128
59	168	128
60	168	128
61	168	128
62	168	128
63	168	128
64	169	128
65	169	128
66	169	128
67	169	128
68	169	128
69	169	128
70	169	128
71	170	128
72	170	128
73	170	128
74	169	128
75	169	128
76	170	128
77	174	128
78	175	128
79	174	128
80	170	128
81	171	128
82	173	128
83	172	128
84	171	128
85	172	128
86	169	128
87	169	128
88	169	128
89	170	128
90	169	128
91	169	128
92	169	128
93	168	128
94	168	128
95	169	128
96	169	128
97	168	128
98	168	128
99	168	128
100	168	128
101	168	128
102	169	128
103	169	128
104	169	128
105	168	128
106	168	128
107	168	128
108	169	128
109	169	128
110	169	128
111	168	128
112	169	128
113	168	128
114	169	128
115	169	128
116	169	128
117	169	128
118	169	128
119	169	128
120	169	128
121	169	128
122	169	128
123	169	128
124	169	128
125	169	128
126	169	128
127	169	128
128	169	128
129	169	128
130	169	128
131	169	128
132	169	128
133	169	128
134	169	128
135	169	128
136	169	128
137	169	128
138	169	128
139	168	128
140	168	128
141	168	128
142	169	128
143	169	128
144	168	128
145	168	128
146	168	128
147	169	128
148	169	128
149	168	128
150	167	128
151	167	128
152	170	128
153	171	128
154	169	128
155	168	128
156	168	128
157	167	128
158	168	128
159	168	128
160	167	128
161	168	128
162	169	128
163	168	128
164	168	128
165	169	128
166	168	128
167	168	128
168	169	128
169	170	128
170	169	128
171	169	128
172	170	128
173	170	128
174	170	128
175	170	128
176	170	128
177	170	128
178	170	128
179	171	128
180	171	128
181	171	128
182	172	128
183	171	128
184	171	128
185	172	128
186	172	128
187	173	128
188	173	128
189	173	128
190	173	128
191	173	128
192	174	128
193	175	128
194	174	128
195	174	128
196	175	128
197	175	128
198	175	128
199	176	128
200	175	128
201	176	128
202	176	128
203	176	128
204	177	128
205	177	127
206	177	128
207	178	128
208	178	128
209	179	128
210	179	128
211	179	128
212	179	128
213	179	128
214	179	128
215	180	128
216	180	128
217	180	128
218	180	128
219	180	128
220	181	129
221	181	128
222	181	128
223	181	128
224	182	128
225	182	128
226	182	128
227	183	128
228	183	128
229	183	128
230	183	128
231	183	128
232	183	128
233	183	128
234	184	128
235	184	128
236	184	128
237	184	128
238	184	128
239	185	128
240	185	128
241	185	128
242	185	128
243	186	128
244	186	128
245	186	128
246	186	128
247	186	128
248	186	128
249	187	128
250	187	128
251	187	128
252	187	128
253	187	128
254	187	128
255	187	128
256	187	128
257	187	127
258	187	128
259	187	128
260	188	128
261	187	128
262	187	128
263	187	128
264	187	128
265	186	128
266	186	128
267	186	128
268	186	128
269	185	128
270	185	128
271	184	128
272	184	128
273	183	128
274	182	128
275	182	128
276	181	128
277	181	128
278	180	128
279	180	128
280	178	127
281	178	128
282	177	128
283	177	128
284	176	128
285	175	128
286	173	128
287	172	128
288	171	128
289	170	128
290	170	128
291	169	128
292	167	128
293	167	128
294	166	128
295	165	128
296	163	128
297	163	128
298	161	128
299	160	128
300	159	128
301	158	128
302	157	128
303	156	128
304	155	128
305	154	127
306	153	128
307	152	128
308	151	128
309	150	128
310	149	128
311	148	128
312	148	128
313	147	128
314	147	128
315	146	128
316	145	128
317	145	128
318	144	128
319	144	127
320	143	127
321	143	128
322	143	127
323	142	127
324	142	128
325	141	128
326	142	127
327	141	128
328	142	127
329	142	127
330	141	127
331	141	128
332	141	128
333	141	127
334	142	128
335	142	128
336	142	128
337	143	128
338	143	128
339	143	128
340	143	128
341	143	128
342	144	128
343	144	128
344	144	128
345	145	128
346	145	128
347	145	128
348	145	128
349	145	128
350	146	128
351	146	128
352	146	128
353	144	128
354	143	128
355	142	128
356	143	128
357	143	128
358	142	128
359	142	128
360	139	128
361	136	128
362	134	128
363	131	128
364	129	128
365	128	128
366	125	128
367	123	128
368	121	128
369	120	128
370	119	128
371	120	128
372	121	128
373	121	128
374	121	128
375	121	128
376	122	128
377	124	128
378	127	128
379	128	128
380	129	128
381	131	128
382	132	128
383	135	128
384	137	128
385	139	128
386	141	128
387	143	128
388	145	128
389	147	128
390	151	128
391	154	128
392	156	128
393	158	128
394	161	128
395	163	128
396	165	128
397	168	128
398	170	128
399	172	128
400	174	128
401	176	128
402	178	128
403	179	128
404	180	128
405	181	128
406	182	128
407	183	128
408	183	128
409	184	128
410	184	128
411	184	128
412	185	128
413	185	128
414	185	127
415	185	128
416	185	128
417	185	128
418	184	128
419	183	128
420	183	128
421	182	128
422	180	128
423	178	128
424	177	128
425	175	128
426	174	128
427	174	128
428	171	128
429	167	128
430	164	128
431	163	128
432	163	128
433	160	128
434	157	128
435	155	128
436	153	128
437	151	129
438	150	128
439	149	128
440	148	128
441	146	128
442	145	127
443	145	128
444	144	128
445	145	128
446	145	128
447	145	127
448	144	127
449	143	127
450	143	128
451	143	127
452	145	128
453	146	127
454	145	128
455	145	128
456	145	127
457	145	127
458	147	128
459	147	128
460	148	128
461	147	128
462	147	128
463	147	128
464	148	128
465	149	128
466	150	128
467	151	128
468	151	128
469	151	128
470	151	128
471	152	128
472	152	127
473	153	128
474	153	128
475	153	128
476	153	128
477	153	128
478	152	127
479	151	128
480	150	128
481	149	128
482	147	128
483	147	128
484	146	128
485	145	127
486	144	128
487	143	127
488	141	127
489	140	127
490	139	128
491	138	128
492	137	127
493	137	128
494	137	128
495	137	128
496	137	128
497	137	128
498	138	128
499	139	128
500	139	128
501	139	128
502	140	127
503	141	128
504	141	128
505	142	128
506	143	128
507	143	128
508	142	128
509	142	128
510	143	128
511	143	128
512	143	128
513	144	128
514	144	128
515	144	128
516	145	128
517	146	128
518	147	128
519	149	128
520	149	128
521	151	128
522	151	128
523	152	128
524	153	128
525	153	128
526	154	128
527	155	128
528	155	128
529	155	128
530	155	128
531	155	128
532	155	128
533	155	128
534	155	128
535	155	128
536	154	128
537	154	128
538	154	128
539	154	128
540	154	128
541	155	128
542	155	129
543	156	128
544	157	128
545	157	128
546	158	128
547	158	128
548	158	128
549	157	128
550	157	128
551	157	128
552	156	128
553	156	128
554	156	128
555	155	128
556	155	128
557	155	127
558	155	128
559	154	128
560	154	128
561	154	128
562	154	128
563	155	128
564	155	128
565	155	128
566	155	128
567	154	128
568	154	128
569	153	128
570	153	128
571	153	128
572	153	128
573	153	128
574	153	128
575	153	128
576	154	128
577	154	128
578	154	128
579	155	128
580	155	128
581	156	128
582	157	128
583	158	128
584	159	127
585	160	128
586	162	127
587	163	128
588	163	128
589	164	128
590	166	128
591	167	128
592	168	128
593	169	128
594	169	128
595	169	128
596	170	128
597	171	128
598	171	128
599	172	128
600	172	127
601	172	128
602	172	128
603	173	128
604	173	128
605	174	128
606	175	128
607	175	128
608	176	128
609	177	128
610	178	128
611	179	127
612	181	128
613	182	128
614	183	128
615	185	128
616	188	128
617	189	128
618	191	128
619	193	128
620	195	128
621	197	128
622	200	128
623	202	128
624	203	128
625	206	128
626	207	128
627	209	128
628	209	128
629	213	128
630	216	128
631	218	128
632	219	128
633	216	128
634	217	128
635	218	128
636	219	128
637	218	128
638	219	128
639	217	128
640	217	128
641	217	128
642	218	128
643	217	128
644	216	128
645	216	128
646	215	128
647	215	128
648	215	128
649	215	128
650	213	128
651	212	128
652	210	128
653	210	128
654	210	128
655	209	128
656	207	128
657	205	128
658	204	128
659	203	128
660	203	128
661	203	128
662	201	128
663	199	128
664	198	128
665	197	128
666	196	128
667	195	128
668	194	128
669	193	128
670	191	128
671	189	128
672	189	128
673	187	128
674	186	128
675	185	128
676	183	128
677	181	128
678	180	128
679	178	128
680	177	128
681	175	128
682	173	128
683	172	128
684	171	128
685	169	128
686	167	128
687	166	128
688	164	128
689	163	128
690	161	128
691	159	128
692	158	128
693	156	128
694	155	128
695	154	128
696	153	128
697	152	128
698	150	128
699	149	128
700	149	128
701	148	128
702	148	128
703	145	128
704	145	128
705	147	128
706	147	128
707	146	128
708	144	128
709	144	128
710	144	128
711	143	128
712	143	128
713	143	128
714	143	128
715	144	128
716	145	128
717	144	128
718	144	128
719	145	128
720	145	128
721	146	128
722	146	128
723	147	128
724	147	128
725	147	129
726	148	128
727	149	128
728	149	128
729	150	128
730	150	128
731	151	128
732	151	128
733	152	128
734	152	128
735	153	128
736	154	128
737	154	128
738	154	128
739	155	128
740	155	128
741	156	128
742	157	128
743	157	128
744	157	128
745	157	128
746	157	128
747	157	128
748	158	128
749	158	128
750	158	128
751	158	128
752	158	128
753	158	128
754	158	128
755	157	128
756	157	128
757	157	128
758	156	128
759	156	128
760	156	128
761	155	128
762	155	128
763	154	128
764	153	128
765	153	128
766	153	128
767	151	128
768	151	128
769	150	128
770	148	128
771	147	128
772	147	128
773	146	128
774	146	128
775	144	128
776	143	128
777	142	128
778	141	128
779	141	128
780	140	128
781	139	127
782	138	128
783	137	128
784	136	128
785	135	128
786	135	128
787	134	128
788	134	128
789	133	128
790	132	128
791	131	128
792	131	127
793	131	128
794	130	128
795	130	128
796	129	128
797	129	128
798	128	128
799	128	128
800	128	128
801	128	128
802	128	128
803	128	128
804	128	128
805	128	128
806	128	128
807	128	128
808	129	128
809	129	128
810	129	128
811	129	128
812	130	128
813	130	128
814	131	128
815	131	128
816	132	128
817	133	128
818	134	128
819	134	128
820	135	128
821	136	128
822	137	128
823	138	128
824	139	128
825	140	128
826	141	128
827	142	128
828	143	128
829	144	128
830	145	128
831	146	128
832	147	128
833	148	128
834	150	128
835	151	128
836	153	128
837	154	128
838	155	128
839	157	128
840	159	128
841	160	128
842	162	128
843	163	128
844	165	128
845	166	128
846	169	128
847	171	128
848	173	128
849	175	128
850	178	128
851	181	128
852	184	128
853	187	128
854	191	128
855	195	128
856	199	128
857	204	128
858	209	128
859	215	128
860	221	128
861	227	128
862	235	128
863	243	128
864	251	128
865	255	128
866	255	128
867	255	128
868	255	128
869	255	128
870	255	128
871	255	128
872	255	128
873	255	128
874	255	128
875	255	128
876	255	128
877	255	128
878	255	128
879	255	128
880	255	128
881	255	128
882	255	128
883	255	128
884	254	128
885	242	128
886	229	128
887	217	128
888	207	128
889	198	128
890	189	128
891	182	128
892	175	128
893	168	128
894	162	128
895	156	128
896	152	128
897	147	128
898	144	128
899	140	128
900	136	128
901	133	127
902	130	128
903	128	128
904	126	128
905	124	128
906	120	127
907	117	128
908	114	128
909	114	128
910	113	128
911	113	128
912	115	128
913	113	128
914	111	128
915	111	128
916	111	128
917	111	128
918	113	128
919	113	128
920	113	128
921	112	128
922	113	128
923	113	128
924	115	128
925	116	128
926	117	128
927	117	128
928	117	128
929	117	128
930	119	128
931	120	128
932	121	128
933	121	128
934	122	128
935	123	128
936	124	128
937	126	128
938	127	128
939	128	128
940	129	128
941	130	128
942	131	128
943	133	128
944	134	128
945	135	128
946	136	128
947	137	128
948	138	128
949	139	129
950	140	129
951	141	128
952	143	128
953	143	128
954	144	128
955	145	128
956	146	128
957	147	128
958	148	128
959	149	128
960	149	128
961	149	128
962	150	128
963	150	128
964	150	129
965	151	128
966	151	128
967	151	128
968	151	128
969	151	128
970	151	128
971	151	128
972	151	128
973	152	128
974	152	128
975	153	128
976	153	128
977	153	128
978	153	128
979	154	128
980	155	128
981	155	128
982	152	128
983	151	128
984	153	128
985	154	128
986	154	128
987	154	128
988	153	128
989	153	128
990	153	128
991	153	128
992	153	128
993	153	128
994	152	128
995	151	128
996	151	128
997	151	128
998	151	128
999	150	128
1000	149	128
1001	149	128
1002	148	128
1003	147	128
1004	147	128
1005	147	128
1006	146	128
1007	145	128
1008	145	128
1009	144	128
1010	144	128
1011	143	128
1012	144	128
1013	144	128
1014	143	128
1015	143	128
1016	143	128
1017	144	128
1018	144	127
1019	145	128
1020	145	128
1021	145	128
1022	145	128
1023	143	127
1024	136	128
1025	149	129
1026	158	129
1027	148	127
1028	149	128
1029	157	127
1030	154	128
1031	151	128
1032	159	128
1033	162	128
1034	157	128
1035	159	128
1036	162	128
1037	158	128
1038	158	129
1039	163	128
1040	162	128
1041	159	128
1042	161	128
1043	163	128
1044	161	128
1045	162	128
1046	164	128
1047	162	128
1048	161	128
1049	162	128
1050	161	128
1051	159	128
1052	159	128
1053	158	128
1054	154	128
1055	152	128
1056	151	128
1057	148	128
1058	145	128
1059	143	128
1060	141	128
1061	137	128
1062	134	128
1063	132	128
1064	129	128
1065	127	128
1066	125	128
1067	122	128
1068	118	128
1069	116	128
1070	113	128
1071	111	128
1072	107	128
1073	104	128
1074	100	128
1075	97	128
1076	95	128
1077	93	128
1078	91	128
1079	88	128
1080	85	128
1081	83	128
1082	81	128
1083	78	128
1084	76	128
1085	73	128
1086	71	128
1087	69	128
1088	66	128
1089	63	127
1090	61	128
1091	59	128
1092	57	128
1093	55	128
1094	53	128
1095	51	128
1096	49	128
1097	47	128
1098	45	128
1099	43	128
1100	41	128
1101	39	128
1102	38	128
1103	36	128
1104	35	128
1105	33	128
1106	32	128
1107	31	128
1108	29	128
1109	28	128
1110	27	128
1111	26	128
1112	25	128
1113	23	128
1114	21	128
1115	20	128
1116	20	128
1117	19	128
1118	19	128
1119	18	128
1120	18	128
1121	17	128
1122	16	128
1123	16	128
1124	15	127
1125	15	128
1126	14	128
1127	13	128
1128	13	128
1129	13	128
1130	12	128
1131	11	128
1132	11	127
1133	10	128
1134	10	128
1135	10	128
1136	9	128
1137	9	128
1138	9	128
1139	8	128
1140	8	128
1141	8	128
1142	7	128
1143	7	128
1144	7	128
1145	6	128
1146	6	128
1147	6	128
1148	6	128
1149	5	128
1150	5	128
1151	5	128
1152	5	128
1153	4	128
1154	4	128
1155	4	128
1156	4	128
1157	4	128
1158	4	128
1159	3	128
1160	3	128
1161	3	128
1162	3	128
1163	3	128
1164	3	128
1165	3	128
1166	2	128
1167	2	128
1168	2	128
1169	2	128
1170	2	128
1171	2	128
1172	2	128
1173	1	128
1174	1	128
1175	1	128
1176	1	128
1177	1	128
1178	1	128
1179	1	128
1180	0	128
1181	0	128
1182	1	128
1183	3	128
1184	3	128
1185	4	128
1186	0	128
1187	1	128
1188	1	128
1189	0	128
1190	0	128
1191	2	128
1192	0	128
1193	0	128
1194	0	128
1195	0	128
1196	0	128
1197	0	128
1198	0	128
1199	0	128
1200	0	128
1201	0	128
1202	0	128
1203	0	128
1204	0	128
1205	0	128
1206	0	128
1207	0	128
1208	0	128
1209	0	128
1210	0	128
1211	0	128
1212	0	128
1213	0	128
1214	0	128
1215	0	128
1216	0	128
1217	0	128
1218	0	128
1219	0	128
1220	0	128
1221	0	128
1222	0	128
1223	0	128
1224	0	128
1225	0	128
1226	0	128
1227	0	128
1228	0	128
1229	0	128
1230	0	128
1231	0	128
1232	0	128
1233	0	128
1234	0	128
1235	0	128
1236	0	128
1237	0	128
1238	0	128
1239	0	128
1240	0	128
1241	0	128
1242	0	128
1243	0	128
1244	0	128
1245	0	128
1246	0	128
1247	0	128
1248	0	128
1249	0	128
1250	0	128
1251	0	128
1252	0	128
1253	0	128
1254	0	128
1255	0	128
1256	0	128
1257	0	128
1258	0	128
1259	0	128
1260	0	128
1261	0	128
1262	0	128
1263	0	128
1264	0	128
1265	0	128
1266	0	128
1267	0	128
1268	0	128
1269	0	128
1270	0	128
1271	0	128
1272	0	128
1273	0	128
1274	0	128
1275	0	128
1276	0	128
1277	0	128
1278	0	128
1279	0	128
1280	0	128
1281	0	128
1282	0	128
1283	0	128
1284	0	128
1285	0	128
1286	0	128
1287	0	128
1288	0	128
1289	0	128
1290	0	128
1291	0	128
1292	0	128
1293	0	129
1294	0	128
1295	0	128
1296	0	128
1297	0	128
1298	0	128
1299	0	128
1300	0	128
1301	0	128
1302	0	128
1303	0	128
1304	0	128
1305	0	128
1306	0	128
1307	0	128
1308	0	128
1309	0	128
1310	0	128
1311	0	128
1312	0	128
1313	1	128
1314	1	128
1315	1	128
1316	2	128
1317	2	128
1318	3	128
1319	3	128
1320	3	128
1321	4	128
1322	4	128
1323	5	128
1324	5	128
1325	6	128
1326	7	128
1327	8	128
1328	9	128
1329	10	128
1330	12	128
1331	13	128
1332	15	128
1333	17	128
1334	19	128
1335	22	128
1336	27	128
1337	33	128
1338	41	128
1339	49	128
1340	54	128
1341	55	128
1342	53	128
1343	49	128
1344	47	128
1345	46	128
1346	47	128
1347	49	128
1348	51	128
1349	53	128
1350	54	128
1351	55	128
1352	55	128
1353	54	128
1354	54	128
1355	55	128
1356	55	128
1357	55	128
1358	55	128
1359	55	128
1360	55	128
1361	55	128
1362	54	128
1363	53	128
1364	53	128
1365	53	128
1366	52	128
1367	52	128
1368	51	128
1369	51	128
1370	50	128
1371	49	128
1372	49	128
1373	48	128
1374	47	128
1375	46	128
1376	45	128
1377	44	128
1378	43	128
1379	42	128
1380	41	128
1381	40	129
1382	39	128
1383	38	128
1384	37	128
1385	37	128
1386	36	128
1387	35	128
1388	34	128
1389	33	128
1390	32	128
1391	31	128
1392	30	128
1393	29	128
1394	28	128
1395	27	128
1396	26	128
1397	25	128
1398	24	128
1399	24	128
1400	23	128
1401	22	128
1402	22	128
1403	21	128
1404	21	128
1405	20	128
1406	19	128
1407	19	128
1408	18	128
1409	17	128
1410	17	128
1411	16	128
1412	16	128
1413	16	128
1414	15	128
1415	14	128
1416	14	128
1417	14	128
1418	14	128
1419	13	128
1420	13	128
1421	12	128
1422	12	128
1423	11	128
1424	11	128
1425	11	128
1426	10	128
1427	10	128
1428	9	128
1429	9	128
1430	9	128
1431	9	128
1432	9	128
1433	8	128
1434	8	128
1435	7	128
1436	6	128
1437	6	128
1438	5	128
1439	4	128
1440	4	128
1441	5	128
1442	5	128
1443	6	128
1444	6	128
1445	7	128
1446	7	128
1447	7	128
1448	7	128
1449	6	128
1450	6	128
1451	5	128
1452	5	128
1453	5	128
1454	5	128
1455	5	128
1456	5	128
1457	5	128
1458	4	128
1459	2	128
1460	1	128
1461	1	128
1462	3	128
1463	2	128
1464	3	128
1465	5	128
1466	4	128
1467	3	128
1468	3	128
1469	4	128
1470	4	128
1471	5	128
1472	4	128
1473	4	128
1474	3	128
1475	4	128
1476	4	128
1477	4	128
1478	4	128
1479	4	128
1480	4	128
1481	4	128
1482	4	128
1483	4	128
1484	4	128
1485	4	128
1486	4	128
1487	4	128
1488	4	128
1489	4	128
1490	5	128
1491	5	128
1492	5	128
1493	5	128
1494	6	128
1495	7	128
1496	7	128
1497	8	128
1498	10	128
1499	11	127
1500	14	128
1501	17	128
1502	22	128
1503	33	127
1504	64	127
1505	122	127
1506	179	127
1507	196	127
1508	181	127
1509	170	127
1510	190	127
1511	246	127
1512	255	128
1513	255	128
1514	255	128
1515	255	128
1516	255	128
1517	255	128
1518	255	128
1519	255	128
1520	255	128
1521	255	128
1522	255	128
1523	255	128
1524	255	128
1525	255	128
1526	255	128
1527	255	128
1528	255	128
1529	255	128
1530	255	128
1531	255	128
1532	255	128
1533	255	128
1534	255	128
1535	255	128
1536	255	128
1537	255	128
1538	255	128
1539	255	128
1540	255	128
1541	255	128
1542	255	128
1543	255	128
1544	255	128
1545	255	128
1546	255	128
1547	255	128
1548	255	128
1549	250	128
1550	237	128
1551	222	128
1552	207	127
1553	195	127
1554	187	127
1555	179	127
1556	170	128
1557	161	128
1558	151	128
1559	142	128
1560	135	127
1561	130	127
1562	125	127
1563	119	127
1564	113	127
1565	108	128
1566	103	128
1567	99	128
1568	95	128
1569	92	128
1570	89	128
1571	86	128
1572	83	128
1573	81	128
1574	78	128
1575	77	128
1576	75	128
1577	74	128
1578	72	128
1579	71	128
1580	69	128
1581	68	128
1582	68	128
1583	67	128
1584	66	128
1585	67	128
1586	66	128
1587	66	128
1588	66	128
1589	66	128
1590	67	128
1591	67	128
1592	68	128
1593	69	128
1594	70	128
1595	71	128
1596	72	128
1597	74	128
1598	76	128
1599	77	128
1600	80	128
1601	82	128
1602	84	128
1603	87	128
1604	89	128
1605	93	128
1606	96	128
1607	100	128
1608	104	128
1609	108	128
1610	111	128
1611	116	128
1612	121	128
1613	126	127
1614	131	128
1615	136	128
1616	141	128
1617	147	128
1618	153	128
1619	159	128
1620	165	128
1621	171	128
1622	177	128
1623	183	128
1624	190	128
1625	196	128
1626	201	127
1627	206	128
1628	211	128
1629	216	128
1630	221	128
1631	224	128
1632	227	128
1633	230	128
1634	233	128
1635	234	128
1636	236	128
1637	237	128
1638	237	128
1639	237	128
1640	237	128
1641	235	128
1642	234	128
1643	232	128
1644	230	128
1645	227	128
1646	224	128
1647	221	128
1648	218	128
1649	214	128
1650	211	128
1651	207	128
1652	203	128
1653	199	128
1654	195	128
1655	191	128
1656	188	128
1657	184	128
1658	181	128
1659	177	128
1660	174	127
1661	170	128
1662	168	128
1663	165	128
1664	161	128
1665	159	128
1666	156	128
1667	154	128
1668	152	128
1669	149	128
1670	148	128
1671	146	128
1672	145	128
1673	143	128
1674	142	128
1675	141	128
1676	140	128
1677	139	128
1678	138	128
1679	137	128
1680	137	128
1681	136	128
1682	136	128
1683	136	128
1684	136	128
1685	135	128
1686	136	128
1687	136	128
1688	136	128
1689	137	128
1690	138	128
1691	138	128
1692	139	128
1693	139	128
1694	141	128
1695	142	128
1696	143	128
1697	144	128
1698	145	128
1699	145	128
1700	147	128
1701	149	128
1702	151	128
1703	153	128
1704	153	128
1705	154	128
1706	156	128
1707	158	128
1708	160	128
1709	162	128
1710	164	128
1711	165	128
1712	166	128
1713	169	128
1714	170	128
1715	172	128
1716	173	128
1717	175	128
1718	176	128
1719	177	128
1720	178	128
1721	179	128
1722	181	128
1723	182	128
1724	182	128
1725	183	128
1726	183	128
1727	183	128
1728	183	128
1729	184	128
1730	185	128
1731	185	128
1732	184	128
1733	184	128
1734	183	128
1735	184	128
1736	185	128
1737	185	128
1738	186	128
1739	181	128
1740	180	128
1741	179	128
1742	178	128
1743	175	128
1744	175	128
1745	173	128
1746	171	128
1747	169	128
1748	169	128
1749	166	128
1750	164	129
1751	163	128
1752	161	128
1753	160	128
1754	159	128
1755	158	128
1756	155	128
1757	153	128
1758	151	128
1759	151	128
1760	150	129
1761	150	128
1762	148	128
1763	146	128
1764	144	128
1765	143	128
1766	142	128
1767	142	128
1768	142	128
1769	141	128
1770	139	128
1771	138	128
1772	137	128
1773	137	128
1774	137	128
1775	137	128
1776	137	128
1777	136	128
1778	136	129
1779	136	128
1780	137	128
1781	137	128
1782	137	128
1783	137	128
1784	137	128
1785	138	128
1786	139	128
1787	139	128
1788	139	128
1789	140	128
1790	141	128
1791	142	128
1792	143	128
1793	143	128
1794	144	128
1795	145	128
1796	146	128
1797	147	128
1798	149	128
1799	150	128
1800	151	128
1801	152	128
1802	153	128
1803	154	128
1804	156	128
1805	157	128
1806	158	128
1807	160	128
1808	161	128
1809	161	128
1810	163	128
1811	167	128
1812	168	128
1813	168	128
1814	167	128
1815	169	128
1816	171	128
1817	172	128
1818	173	128
1819	173	128
1820	174	128
1821	176	128
1822	177	128
1823	177	128
1824	177	128
1825	177	128
1826	177	128
1827	179	128
1828	180	128
1829	180	128
1830	179	128
1831	178	128
1832	178	128
1833	178	128
1834	177	128
1835	178	128
1836	178	128
1837	177	128
1838	176	128
1839	174	128
1840	174	128
1841	175	128
1842	174	128
1843	172	128
1844	170	128
1845	169	128
1846	169	128
1847	168	128
1848	168	128
1849	166	128
1850	164	128
1851	162	128
1852	161	128
1853	161	128
1854	160	128
1855	159	128
1856	158	128
1857	156	128
1858	155	128
1859	155	128
1860	154	128
1861	153	128
1862	152	128
1863	151	128
1864	150	128
1865	149	128
1866	149	128
1867	149	128
1868	147	128
1869	146	128
1870	146	128
1871	146	128
1872	146	128
1873	146	128
1874	145	128
1875	145	128
1876	145	127
1877	145	128
1878	146	128
1879	146	128
1880	146	128
1881	146	128
1882	147	128
1883	146	128
1884	147	128
1885	147	128
1886	148	128
1887	149	128
1888	149	128
1889	149	128
1890	150	128
1891	150	128
1892	151	128
1893	151	128
1894	152	128
1895	153	128
1896	153	128
1897	154	128
1898	155	128
1899	155	128
1900	155	128
1901	156	128
1902	157	128
1903	157	128
1904	158	128
1905	159	128
1906	159	128
1907	160	128
1908	161	128
1909	162	128
1910	162	128
1911	163	128
1912	163	128
1913	163	128
1914	164	128
1915	165	128
1916	165	128
1917	166	128
1918	167	128
1919	167	128
1920	167	128
1921	167	128
1922	167	128
1923	167	128
1924	168	128
1925	167	128
1926	167	128
1927	167	128
1928	167	128
1929	166	128
1930	166	128
1931	166	128
1932	165	128
1933	164	128
1934	164	128
1935	163	128
1936	162	128
1937	161	128
1938	161	128
1939	160	128
1940	160	128
1941	160	128
1942	159	128
1943	159	128
1944	159	127
1945	159	128
1946	158	128
1947	159	128
1948	159	128
1949	158	128
1950	158	128
1951	158	128
1952	159	128
1953	159	128
1954	160	128
1955	160	128
1956	160	128
1957	161	128
1958	161	128
1959	161	128
1960	162	128
1961	163	128
1962	163	128
1963	164	128
1964	164	128
1965	164	128
1966	165	128
1967	165	128
1968	166	128
1969	166	128
1970	166	128
1971	166	128
1972	166	128
1973	167	128
1974	167	127
1975	167	128
1976	168	128
1977	168	128
1978	168	128
1979	169	128
1980	169	128
1981	169	128
1982	170	128
1983	170	128
1984	170	128
1985	171	128
1986	172	128
1987	172	128
1988	172	128
1989	173	128
1990	173	127
1991	174	128
1992	174	128
1993	175	128
1994	175	128
1995	175	128
1996	176	128
1997	176	128
1998	176	128
1999	177	128
2000	177	128
2001	176	127
2002	177	128
2003	177	128
2004	177	127
2005	177	128
2006	177	128
2007	177	128
2008	177	128
2009	177	127
2010	177	128
2011	177	128
2012	174	128
2013	173	127
2014	173	128
2015	175	127
2016	174	127
2017	174	127
2018	175	127
2019	174	128
2020	174	127
2021	175	128
2022	174	128
2023	175	127
2024	176	127
2025	175	127
2026	175	127
2027	174	127
2028	174	128
2029	173	127
2030	173	128
2031	173	128
2032	173	127
2033	172	128
2034	172	128
2035	171	127
2036	171	127
2037	172	127
2038	172	128
2039	172	127
2040	171	127
2041	170	128
2042	170	127
2043	171	127
2044	171	128
2045	171	128
2046	170	127
2047	170	128
2048	170	127
2049	170	128
2050	171	128
2051	172	128
2052	171	128
2053	171	128
2054	171	128
2055	171	127
2056	172	128
2057	172	127
2058	173	128
2059	173	127
2060	174	127
2061	173	128
2062	174	127
2063	175	128
2064	176	127
2065	177	127
2066	177	128
2067	177	128
2068	177	128
2069	178	128
2070	179	128
2071	180	128
2072	181	128
2073	181	128
2074	181	128
2075	181	128
2076	182	128
2077	183	128
2078	184	128
2079	185	128
2080	185	128
2081	185	127
2082	185	128
2083	186	128
2084	186	128
2085	187	128
2086	187	128
2087	185	128
2088	185	128
2089	185	128
2090	187	128
2091	188	128
2092	189	128
2093	188	128
2094	187	128
2095	187	128
2096	187	128
2097	188	128
2098	188	128
2099	187	128
2100	185	128
2101	185	128
2102	185	128
2103	185	128
2104	185	128
2105	184	128
2106	183	128
2107	182	128
2108	182	128
2109	181	128
2110	181	128
2111	181	128
2112	180	128
2113	178	128
2114	177	128
2115	177	128
2116	176	128
2117	175	128
2118	175	128
2119	174	128
2120	174	128
2121	173	128
2122	172	128
2123	171	128
2124	171	128
2125	170	128
2126	169	128
2127	168	128
2128	167	128
2129	167	128
2130	167	128
2131	165	128
2132	165	128
2133	165	128
2134	165	128
2135	164	128
2136	164	128
2137	163	128
2138	162	128
2139	162	128
2140	162	128
2141	162	128
2142	162	128
2143	161	128
2144	161	128
2145	161	128
2146	161	128
2147	161	128
2148	161	128
2149	161	128
2150	160	128
2151	161	128
2152	161	128
2153	161	128
2154	161	128
2155	161	128
2156	161	128
2157	162	128
2158	162	128
2159	163	128
2160	163	128
2161	164	128
2162	164	128
2163	165	128
2164	165	128
2165	165	128
2166	166	128
2167	167	128
2168	167	128
2169	168	128
2170	168	128
2171	169	128
2172	170	128
2173	171	128
2174	171	128
2175	171	128
2176	172	128
2177	173	128
2178	174	128
2179	174	128
2180	175	128
2181	175	128
2182	176	128
2183	176	128
2184	177	128
2185	177	128
2186	177	128
2187	178	128
2188	178	128
2189	179	128
2190	179	128
2191	180	128
2192	180	128
2193	180	128
2194	180	128
2195	180	128
2196	181	128
2197	181	128
2198	181	128
2199	181	128
2200	181	128
2201	181	128
2202	181	128
2203	181	128
2204	180	128
2205	180	128
2206	179	128
2207	179	128
2208	179	128
2209	179	128
2210	178	128
2211	178	128
2212	178	128
2213	177	128
2214	177	128
2215	177	128
2216	176	128
2217	176	128
2218	175	128
2219	174	128
2220	175	128
2221	175	128
2222	174	128
2223	173	128
2224	172	128
2225	172	128
2226	172	128
2227	172	128
2228	171	128
2229	171	128
2230	170	128
2231	170	128
2232	170	128
2233	169	128
2234	169	128
2235	169	128
2236	168	128
2237	168	128
2238	167	128
2239	167	128
2240	167	128
2241	167	128
2242	166	128
2243	166	128
2244	166	128
2245	165	128
2246	165	128
2247	165	128
2248	165	128
2249	165	128
2250	165	128
2251	164	128
2252	164	128
2253	164	128
2254	164	128
2255	164	128
2256	164	128
2257	164	128
2258	164	128
2259	164	128
2260	164	128
2261	165	128
2262	165	128
2263	165	128
2264	165	128
2265	165	128
2266	165	128
2267	165	128
2268	166	128
2269	166	128
2270	167	128
2271	167	128
2272	167	128
2273	167	128
2274	168	128
2275	168	128
2276	168	128
2277	169	128
2278	169	128
2279	170	128
2280	171	128
2281	170	128
2282	171	128
2283	171	128
2284	171	128
2285	172	128
2286	172	128
2287	171	127
2288	173	128
2289	176	128
2290	177	127
2291	177	128
2292	173	127
2293	174	128
2294	175	128
2295	175	128
2296	173	128
2297	174	128
2298	173	128
2299	172	128
2300	172	128
2301	173	128
2302	172	128
2303	171	128
2304	172	128
2305	170	128
2306	170	128
2307	170	128
2308	170	128
2309	170	128
2310	169	128
2311	168	128
2312	168	128
2313	168	128
2314	169	128
2315	167	128
2316	167	128
2317	166	128
2318	166	128
2319	165	128
2320	166	128
2321	165	128
2322	164	128
2323	163	128
2324	163	128
2325	163	128
2326	163	128
2327	163	127
2328	163	128
2329	161	128
2330	161	128
2331	161	128
2332	161	128
2333	161	128
2334	161	128
2335	160	128
2336	159	128
2337	159	128
2338	159	128
2339	159	128
2340	159	128
2341	159	128
2342	159	128
2343	159	128
2344	159	128
2345	159	127
2346	159	128
2347	159	128
2348	159	128
2349	160	128
2350	160	128
2351	160	128
2352	160	128
2353	160	128
2354	161	128
2355	161	128
2356	162	128
2357	161	128
2358	161	128
2359	162	128
2360	163	128
2361	163	128
2362	163	128
2363	165	128
2364	167	128
2365	166	128
2366	164	128
2367	165	128
2368	166	128
2369	167	128
2370	166	128
2371	166	128
2372	166	128
2373	167	128
2374	168	128
2375	169	128
2376	168	128
2377	168	128
2378	168	128
2379	169	128
2380	170	128
2381	170	128
2382	171	128
2383	170	128
2384	169	128
2385	170	128
2386	170	128
2387	171	128
2388	171	128
2389	171	128
2390	172	128
2391	171	128
2392	171	128
2393	172	128
2394	172	128
2395	172	128
2396	172	128
2397	171	128
2398	172	128
2399	171	128
2400	172	128
2401	172	128
2402	172	128
2403	171	128
2404	171	128
2405	172	128
2406	172	128
2407	171	128
2408	171	128
2409	171	128
2410	170	128
2411	170	128
2412	170	128
2413	170	128
2414	169	128
2415	169	128
2416	169	128
2417	168	128
2418	168	128
2419	167	128
2420	167	128
2421	167	128
2422	167	128
2423	166	128
2424	165	128
2425	165	128
2426	165	128
2427	165	128
2428	164	128
2429	164	128
2430	163	128
2431	163	128
2432	163	128
2433	163	128
2434	162	128
2435	162	128
2436	161	128
2437	161	128
2438	161	128
2439	161	128
2440	161	128
2441	161	128
2442	161	128
2443	160	128
2444	160	128
2445	160	128
2446	160	128
2447	160	128
2448	160	128
2449	160	128
2450	160	128
2451	160	127
2452	160	128
2453	161	128
2454	161	128
2455	161	128
2456	161	128
2457	161	128
2458	162	128
2459	162	128
2460	162	128
2461	163	128
2462	163	128
2463	163	128
2464	164	128
2465	164	128
2466	165	128
2467	165	128
2468	166	128
2469	166	128
2470	167	128
2471	168	128
2472	169	128
2473	169	128
2474	169	128
2475	170	128
2476	171	128
2477	171	128
2478	172	128
2479	172	128
2480	173	128
2481	173	128
2482	174	128
2483	175	128
2484	175	127
2485	175	128
2486	175	128
2487	175	128
2488	176	128
2489	177	128
2490	177	127
2491	177	128
2492	177	128
2493	177	128
2494	178	128
2495	178	128
2496	179	128
2497	179	128
2498	179	128
2499	178	128
2500	178	128
2501	179	128
2502	179	128
2503	179	128
2504	179	128
2505	178	128
2506	177	128
2507	178	128
2508	178	128
2509	178	128
2510	178	128
2511	177	128
2512	177	128
2513	177	128
2514	177	128
2515	177	128
2516	177	127
2517	176	128
2518	175	128
2519	175	127
2520	175	128
2521	175	128
2522	175	128
2523	174	128
2524	173	128
2525	173	128
2526	172	128
2527	173	128
2528	173	128
2529	172	128
2530	171	128
2531	171	128
2532	170	128
2533	171	128
2534	170	128
2535	170	128
2536	169	128
2537	169	128
2538	169	128
2539	169	128
2540	169	128
2541	169	128
2542	168	128
2543	168	128
2544	169	128
2545	169	128
2546	169	128
2547	169	128
2548	169	128
2549	169	128
2550	169	128
2551	169	128
2552	169	128
2553	169	128
2554	170	128
2555	170	128
2556	170	128
2557	170	128
2558	171	128
2559	171	128
2560	171	128
2561	172	128
2562	172	128
2563	172	128
2564	173	127
2565	170	127
2566	168	128
2567	170	127
2568	172	127
2569	172	128
2570	172	128
2571	174	128
2572	173	127
2573	173	127
2574	173	128
2575	174	127
2576	175	128
2577	177	128
2578	177	128
2579	176	128
2580	176	128
2581	176	128
2582	176	128
2583	177	128
2584	177	128
2585	177	128
2586	177	128
2587	176	128
2588	176	128
2589	177	128
2590	178	128
2591	178	128
2592	178	128
2593	177	128
2594	176	127
2595	176	128
2596	177	128
2597	177	128
2598	177	128
2599	176	128
2600	176	128
2601	175	128
2602	175	128
2603	175	128
2604	175	128
2605	174	128
2606	173	128
2607	170	128
2608	169	128
2609	167	129
2610	166	128
2611	164	128
2612	162	128
2613	160	128
2614	158	128
2615	157	128
2616	156	128
2617	155	128
2618	153	128
2619	152	128
2620	151	128
2621	151	128
2622	150	128
2623	150	128
2624	149	128
2625	149	128
2626	149	128
2627	149	128
2628	150	128
2629	150	128
2630	151	128
2631	151	128
2632	152	128
2633	153	128
2634	154	128
2635	155	128
2636	155	128
2637	156	128
2638	157	128
2639	158	128
2640	158	128
2641	160	128
2642	162	128
2643	165	128
2644	167	128
2645	169	128
2646	170	128
2647	171	128
2648	172	128
2649	174	128
2650	176	128
2651	178	128
2652	179	128
2653	180	128
2654	181	128
2655	183	128
2656	185	128
2657	187	128
2658	189	128
2659	189	128
2660	190	128
2661	191	128
2662	192	127
2663	194	127
2664	195	128
2665	196	128
2666	195	128
2667	196	128
2668	196	128
2669	197	128
2670	197	128
2671	198	128
2672	198	129
2673	198	128
2674	198	128
2675	198	128
2676	198	128
2677	198	128
2678	197	128
2679	197	128
2680	197	128
2681	196	128
2682	195	128
2683	195	128
2684	194	128
2685	194	129
2686	193	128
2687	193	128
2688	192	128
2689	191	128
2690	191	128
2691	191	128
2692	190	128
2693	190	128
2694	189	128
2695	188	128
2696	188	128
2697	188	128
2698	188	128
2699	188	128
2700	187	128
2701	187	128
2702	187	128
2703	187	128
2704	187	128
2705	188	128
2706	188	128
2707	188	128
2708	188	128
2709	189	128
2710	189	128
2711	190	128
2712	190	128
2713	191	128
2714	191	128
2715	192	128
2716	193	128
2717	193	128
2718	195	128
2719	195	128
2720	197	128
2721	198	128
2722	199	128
2723	199	128
2724	200	128
2725	201	128
2726	202	128
2727	203	128
2728	203	128
2729	203	128
2730	204	128
2731	204	128
2732	204	128
2733	204	128
2734	204	128
2735	204	128
2736	203	128
2737	202	128
2738	202	128
2739	201	128
2740	201	128
2741	199	128
2742	197	128
2743	196	128
2744	195	128
2745	193	128
2746	192	128
2747	189	128
2748	187	128
2749	185	128
2750	183	128
2751	181	128
2752	179	128
2753	177	128
2754	175	128
2755	173	128
2756	171	128
2757	169	128
2758	167	128
2759	165	128
2760	163	128
2761	161	128
2762	159	128
2763	157	128
2764	155	128
2765	154	128
2766	152	128
2767	150	128
2768	148	128
2769	147	128
2770	145	128
2771	144	128
2772	142	128
2773	141	128
2774	140	128
2775	138	128
2776	137	128
2777	137	128
2778	136	128
2779	134	129
2780	134	128
2781	133	128
2782	132	128
2783	132	128
2784	131	128
2785	131	128
2786	130	128
2787	130	129
2788	130	128
2789	130	128
2790	130	128
2791	130	128
2792	131	128
2793	131	129
2794	131	128
2795	131	128
2796	131	128
2797	132	128
2798	133	128
2799	133	128
2800	133	128
2801	134	128
2802	135	128
2803	136	128
2804	137	128
2805	138	128
2806	139	128
2807	140	128
2808	141	128
2809	142	128
2810	143	128
2811	144	128
2812	145	128
2813	146	128
2814	147	129
2815	148	128
2816	149	128
2817	150	128
2818	151	128
2819	153	128
2820	153	128
2821	154	128
2822	155	128
2823	156	128
2824	157	128
2825	158	128
2826	159	128
2827	159	128
2828	160	128
2829	161	128
2830	161	128
2831	162	128
2832	163	128
2833	163	128
2834	163	128
2835	161	127
2836	159	128
2837	161	129
2838	169	128
2839	161	128
2840	155	127
2841	165	128
2842	167	128
2843	159	128
2844	165	128
2845	166	128
2846	164	128
2847	163	128
2848	166	128
2849	159	128
2850	157	128
2851	160	128
2852	160	128
2853	155	128
2854	155	128
2855	155	128
2856	151	128
2857	151	128
2858	153	128
2859	151	128
2860	149	128
2861	150	128
2862	149	128
2863	147	128
2864	146	128
2865	147	128
2866	144	128
2867	143	129
2868	141	128
2869	138	128
2870	135	128
2871	134	129
2872	132	128
2873	130	128
2874	128	128
2875	127	128
2876	124	128
2877	122	128
2878	120	129
2879	118	128
2880	116	128
2881	114	128
2882	111	128
2883	109	128
2884	105	128
2885	102	128
2886	100	129
2887	98	128
2888	96	128
2889	94	128
2890	90	128
2891	88	128
2892	85	128
2893	82	129
2894	81	128
2895	78	128
2896	75	128
2897	73	128
2898	71	128
2899	69	129
2900	68	128
2901	65	128
2902	62	128
2903	59	128
2904	57	128
2905	55	128
2906	53	128
2907	51	128
2908	49	128
2909	47	128
2910	45	128
2911	43	128
2912	41	128
2913	40	128
2914	38	128
2915	37	128
2916	37	128
2917	35	128
2918	32	128
2919	29	128
2920	28	128
2921	28	128
2922	27	128
2923	25	128
2924	24	128
2925	23	128
2926	22	128
2927	22	128
2928	21	128
2929	20	128
2930	18	128
2931	18	128
2932	17	128
2933	16	128
2934	16	128
2935	15	128
2936	15	128
2937	13	128
2938	13	128
2939	12	128
2940	13	128
2941	12	128
2942	12	128
2943	11	128
2944	11	128
2945	10	128
2946	9	128
2947	9	128
2948	9	128
2949	9	128
2950	8	128
2951	8	128
2952	7	128
2953	7	128
2954	7	128
2955	7	128
2956	6	128
2957	6	128
2958	6	128
2959	5	128
2960	5	128
2961	5	128
2962	5	128
2963	4	128
2964	4	128
2965	4	128
2966	4	128
2967	4	128
2968	4	128
2969	3	128
2970	3	128
2971	3	128
2972	3	128
2973	3	128
2974	2	128
2975	2	128
2976	3	128
2977	2	128
2978	2	128
2979	2	128
2980	2	128
2981	1	128
2982	1	128
2983	1	128
2984	1	128
2985	1	128
2986	1	128
2987	1	128
2988	1	128
2989	1	128
2990	0	128
2991	0	128
2992	0	128
2993	0	128
2994	0	128
2995	0	128
2996	0	128
2997	0	128
2998	0	128
2999	0	128
3000	0	128
3001	0	128
3002	0	128
3003	0	128
3004	0	128
3005	0	128
3006	0	128
3007	0	128
3008	0	128
3009	0	128
3010	0	128
3011	0	128
3012	0	128
3013	0	128
3014	0	128
3015	0	128
3016	0	128
3017	0	128
3018	0	128
3019	0	128
3020	0	128
3021	0	128
3022	0	128
3023	0	128
3024	0	128
3025	0	128
3026	0	128
3027	0	128
3028	0	128
3029	0	128
3030	0	128
3031	0	128
3032	0	128
3033	0	128
3034	0	128
3035	0	128
3036	0	128
3037	0	128
3038	0	128
3039	0	128
3040	0	128
3041	0	128
3042	0	128
3043	0	128
3044	0	128
3045	0	128
3046	0	128
3047	0	128
3048	0	128
3049	0	128
3050	0	128
3051	0	128
3052	0	128
3053	0	128
3054	0	128
3055	0	128
3056	0	128
3057	0	128
3058	0	128
3059	0	128
3060	0	129
3061	0	128
3062	0	128
3063	0	128
3064	0	128
3065	0	128
3066	0	128
3067	0	128
3068	0	128
3069	0	128
3070	0	128
3071	0	128
3072	0	128
3073	0	128
3074	0	128
3075	0	128
3076	0	128
3077	0	128
3078	0	128
3079	0	128
3080	0	128
3081	0	128
3082	0	128
3083	0	128
3084	0	128
3085	0	128
3086	0	128
3087	0	128
3088	0	128
3089	0	128
3090	0	128
3091	0	128
3092	0	128
3093	0	128
3094	0	128
3095	0	128
3096	0	128
3097	0	128
3098	0	128
3099	0	128
3100	0	128
3101	0	128
3102	0	128
3103	0	128
3104	0	128
3105	0	128
3106	0	128
3107	0	128
3108	0	128
3109	0	128
3110	0	128
3111	0	128
3112	0	128
3113	0	128
3114	0	128
3115	0	128
3116	0	128
3117	0	128
3118	0	128
3119	0	128
3120	0	128
3121	0	128
3122	0	128
3123	0	128
3124	0	128
3125	0	128
3126	0	128
3127	0	128
3128	0	128
3129	0	128
3130	1	128
3131	0	128
3132	0	128
3133	0	128
3134	0	128
3135	0	128
3136	1	128
3137	1	128
3138	2	128
3139	2	128
3140	2	128
3141	3	128
3142	4	128
3143	5	128
3144	5	128
3145	5	128
3146	6	128
3147	7	128
3148	8	128
3149	10	128
3150	11	128
3151	13	128
3152	15	128
3153	17	128
3154	20	128
3155	24	128
3156	31	128
3157	42	128
3158	55	128
3159	66	128
3160	68	128
3161	63	128
3162	57	128
3163	51	127
3164	49	128
3165	51	128
3166	55	128
3167	59	128
3168	63	128
3169	64	128
3170	63	128
3171	61	127
3172	60	127
3173	59	128
3174	61	128
3175	61	128
3176	62	127
3177	61	128
3178	61	128
3179	59	127
3180	58	128
3181	57	128
3182	56	128
3183	55	128
3184	55	128
3185	55	128
3186	54	128
3187	53	128
3188	52	128
3189	51	129
3190	49	128
3191	48	128
3192	45	128
3193	45	127
3194	45	128
3195	45	128
3196	43	128
3197	42	128
3198	41	128
3199	39	128
3200	38	128
3201	36	128
3202	35	128
3203	35	128
3204	34	128
3205	32	128
3206	31	128
3207	30	128
3208	29	128
3209	28	128
3210	28	128
3211	27	128
3212	26	128
3213	25	128
3214	25	128
3215	24	128
3216	22	128
3217	21	128
3218	21	128
3219	20	128
3220	19	128
3221	19	128
3222	18	128
3223	18	128
3224	17	128
3225	17	128
3226	17	128
3227	16	128
3228	15	128
3229	15	128
3230	14	128
3231	14	128
3232	14	128
3233	13	128
3234	13	128
3235	12	128
3236	12	128
3237	11	128
3238	11	128
3239	11	128
3240	10	128
3241	10	128
3242	10	128
3243	9	128
3244	9	128
3245	9	128
3246	9	128
3247	8	128
3248	7	128
3249	7	128
3250	6	128
3251	5	128
3252	5	128
3253	5	128
3254	6	128
3255	6	128
3256	7	128
3257	7	128
3258	7	128
3259	7	128
3260	7	128
3261	7	128
3262	6	128
3263	6	128
3264	6	128
3265	6	128
3266	6	128
3267	5	128
3268	5	128
3269	5	128
3270	5	128
3271	5	128
3272	5	128
3273	5	128
3274	5	128
3275	5	128
3276	5	128
3277	5	128
3278	5	128
3279	5	128
3280	5	128
3281	5	128
3282	5	128
3283	5	128
3284	5	128
3285	5	128
3286	5	128
3287	5	128
3288	5	128
3289	4	128
3290	5	128
3291	5	128
3292	5	128
3293	5	128
3294	5	128
3295	5	128
3296	5	128
3297	5	128
3298	5	128
3299	6	128
3300	6	128
3301	6	128
3302	6	128
3303	6	128
3304	7	128
3305	8	128
3306	8	128
3307	9	128
3308	11	128
3309	12	128
3310	15	128
3311	18	127
3312	23	128
3313	33	128
3314	58	128
3315	105	127
3316	154	128
3317	172	128
3318	162	128
3319	151	128
3320	164	128
3321	207	128
3322	255	128
3323	255	128
3324	255	128
3325	255	128
3326	255	129
3327	255	128
3328	255	128
3329	255	128
3330	255	128
3331	255	128
3332	255	128
3333	255	128
3334	255	128
3335	255	128
3336	255	128
3337	255	128
3338	255	128
3339	255	128
3340	255	128
3341	255	128
3342	249	128
3343	235	128
3344	223	128
3345	216	128
3346	214	127
3347	212	128
3348	208	128
3349	202	128
3350	196	128
3351	193	128
3352	191	128
3353	192	128
3354	191	128
3355	189	128
3356	184	128
3357	181	128
3358	178	128
3359	178	128
3360	177	128
3361	177	128
3362	175	128
3363	173	128
3364	171	128
3365	171	128
3366	171	128
3367	171	129
3368	170	128
3369	169	128
3370	167	128
3371	165	128
3372	165	128
3373	165	128
3374	165	128
3375	164	128
3376	163	128
3377	162	128
3378	162	128
3379	163	128
3380	163	128
3381	163	128
3382	162	128
3383	162	128
3384	162	128
3385	162	129
3386	162	128
3387	163	128
3388	163	128
3389	163	128
3390	163	128
3391	163	128
3392	163	128
3393	162	129
3394	163	128
3395	167	128
3396	166	128
3397	164	128
3398	160	128
3399	163	128
3400	166	128
3401	166	128
3402	164	128
3403	165	128
3404	163	128
3405	163	128
3406	164	128
3407	165	128
3408	165	128
3409	165	128
3410	165	128
3411	164	128
3412	165	128
3413	167	128
3414	168	128
3415	167	128
3416	168	128
3417	167	128
3418	168	128
3419	169	128
3420	171	128
3421	171	128
3422	171	128
3423	171	127
3424	172	128
3425	173	128
3426	175	128
3427	177	128
3428	177	128
3429	177	128
3430	178	128
3431	179	128
3432	180	128
3433	182	128
3434	183	128
3435	183	128
3436	184	128
3437	185	128
3438	187	128
3439	188	128
3440	189	128
3441	190	127
3442	190	128
3443	191	128
3444	191	128
3445	193	128
3446	193	127
3447	194	128
3448	194	128
3449	194	128
3450	194	128
3451	195	128
3452	195	128
3453	195	128
3454	194	128
3455	194	128
3456	193	128
3457	193	128
3458	192	128
3459	191	128
3460	191	128
3461	189	128
3462	188	128
3463	186	128
3464	186	128
3465	185	128
3466	184	128
3467	182	128
3468	182	128
3469	182	128
3470	179	128
3471	177	128
3472	174	127
3473	174	128
3474	173	128
3475	172	128
3476	170	128
3477	169	128
3478	167	128
3479	166	128
3480	165	128
3481	164	128
3482	162	128
3483	161	128
3484	159	128
3485	158	128
3486	157	128
3487	157	128
3488	156	128
3489	155	128
3490	153	128
3491	152	128
3492	151	128
3493	151	128
3494	151	128
3495	150	128
3496	149	128
3497	149	128
3498	148	128
3499	147	128
3500	147	128
3501	147	128
3502	146	128
3503	146	128
3504	145	129
3505	144	128
3506	145	128
3507	145	128
3508	145	128
3509	144	128
3510	144	128
3511	144	128
3512	144	128
3513	145	128
3514	145	128
3515	145	128
3516	145	127
3517	144	128
3518	145	128
3519	145	128
3520	146	128
3521	147	128
3522	147	128
3523	147	128
3524	147	128
3525	147	128
3526	148	128
3527	149	128
3528	149	128
3529	149	128
3530	150	128
3531	150	128
3532	150	128
3533	151	128
3534	152	128
3535	152	128
3536	152	128
3537	152	128
3538	152	128
3539	152	128
3540	153	128
3541	153	128
3542	153	128
3543	153	128
3544	153	128
3545	152	128
3546	151	128
3547	151	128
3548	151	128
3549	152	128
3550	151	128
3551	150	128
3552	150	128
3553	150	128
3554	149	128
3555	149	128
3556	149	128
3557	149	128
3558	148	128
3559	147	128
3560	147	128
3561	147	128
3562	146	127
3563	146	128
3564	145	127
3565	144	128
3566	144	127
3567	144	128
3568	144	128
3569	143	128
3570	143	128
3571	142	128
3572	142	128
3573	142	128
3574	142	128
3575	142	128
3576	142	128
3577	141	128
3578	141	128
3579	141	128
3580	142	128
3581	142	128
3582	142	128
3583	142	128
3584	141	128
3585	141	128
3586	141	128
3587	141	127
3588	142	128
3589	142	128
3590	142	128
3591	143	128
3592	143	128
3593	143	128
3594	143	128
3595	144	128
3596	145	128
3597	144	127
3598	145	127
3599	145	127
3600	145	128
3601	145	127
3602	146	127
3603	146	127
3604	147	128
3605	147	128
3606	147	128
3607	147	128
3608	147	128
3609	148	128
3610	148	128
3611	148	128
3612	148	127
3613	148	127
3614	148	127
3615	148	128
3616	148	128
3617	148	128
3618	148	127
3619	147	128
3620	147	128
3621	147	127
3622	148	128
3623	148	128
3624	147	128
3625	146	128
3626	146	128
3627	146	128
3628	146	128
3629	145	127
3630	145	128
3631	145	128
3632	144	128
3633	143	128
3634	143	128
3635	143	128
3636	143	128
3637	142	127
3638	142	128
3639	142	128
3640	141	127
3641	141	127
3642	141	128
3643	140	128
3644	140	128
3645	140	128
3646	140	128
3647	140	127
3648	140	127
3649	139	128
3650	139	128
3651	138	128
3652	139	128
3653	139	128
3654	139	128
3655	140	128
3656	139	128
3657	139	128
3658	140	128
3659	140	128
3660	141	128
3661	142	128
3662	142	128
3663	142	128
3664	143	128
3665	144	128
3666	145	128
3667	147	128
3668	147	128
3669	148	128
3670	150	128
3671	149	128
3672	150	128
3673	156	128
3674	158	128
3675	159	128
3676	159	127
3677	162	128
3678	163	128
3679	169	128
3680	171	128
3681	176	128
3682	180	128
3683	187	128
3684	191	128
3685	196	128
3686	203	128
3687	210	128
3688	217	128
3689	226	128
3690	236	128
3691	246	128
3692	255	128
3693	255	128
3694	255	128
3695	255	128
3696	255	128
3697	255	128
3698	255	128
3699	255	128
3700	255	128
3701	255	128
3702	255	128
3703	255	128
3704	255	128
3705	255	128
3706	255	128
3707	255	128
3708	255	128
3709	255	128
3710	255	128
3711	255	128
3712	255	128
3713	247	128
3714	233	128
3715	221	128
3716	209	127
3717	201	128
3718	193	127
3719	185	127
3720	177	127
3721	169	127
3722	162	128
3723	156	127
3724	151	127
3725	146	127
3726	142	127
3727	137	128
3728	133	128
3729	130	128
3730	127	128
3731	125	127
3732	123	128
3733	121	128
3734	118	128
3735	116	127
3736	115	128
3737	114	128
3738	113	128
3739	113	128
3740	111	128
3741	111	128
3742	111	128
3743	111	128
3744	110	128
3745	109	128
3746	113	128
3747	113	128
3748	114	128
3749	113	128
3750	115	128
3751	117	128
3752	119	128
3753	120	128
3754	121	128
3755	123	128
3756	126	128
3757	129	128
3758	130	128
3759	132	128
3760	134	128
3761	136	128
3762	139	128
3763	143	128
3764	146	128
3765	148	128
3766	150	128
3767	153	128
3768	155	128
3769	157	128
3770	159	128
3771	162	128
3772	163	128
3773	165	128
3774	165	128
3775	167	128
3776	168	128
3777	169	128
3778	168	128
3779	168	128
3780	167	128
3781	166	128
3782	166	128
3783	165	128
3784	164	128
3785	163	128
3786	162	128
3787	160	128
3788	159	128
3789	158	128
3790	157	128
3791	155	128
3792	153	128
3793	151	128
3794	150	127
3795	149	128
3796	147	128
3797	146	128
3798	145	128
3799	143	128
3800	142	128
3801	142	128
3802	141	128
3803	141	128
3804	140	128
3805	140	128
3806	140	128
3807	141	128
3808	141	128
3809	141	128
3810	141	128
3811	141	128
3812	141	128
3813	141	128
3814	141	128
3815	142	128
3816	142	128
3817	142	128
3818	142	128
3819	143	128
3820	143	128
3821	144	128
3822	144	128
3823	144	128
3824	145	128
3825	146	128
3826	147	128
3827	147	128
3828	148	128
3829	148	128
3830	149	128
3831	149	128
3832	150	128
3833	151	128
3834	151	128
3835	151	128
3836	151	128
3837	151	128
3838	152	128
3839	153	128
3840	153	128
3841	152	128
3842	153	128
3843	153	128
3844	153	128
3845	153	128
3846	153	128
3847	153	128
3848	152	128
3849	152	128
3850	152	128
3851	152	128
3852	151	128
3853	151	128
3854	151	128
3855	150	128
3856	150	128
3857	150	128
3858	149	128
3859	149	128
3860	149	128
3861	149	128
3862	149	128
3863	148	128
3864	149	128
3865	149	128
3866	149	128
3867	149	128
3868	149	128
3869	149	128
3870	150	128
3871	150	128
3872	150	128
3873	151	128
3874	151	128
3875	152	128
3876	152	128
3877	152	128
3878	152	128
3879	153	128
3880	153	128
3881	153	128
3882	153	128
3883	154	128
3884	154	128
3885	153	128
3886	153	128
3887	153	128
3888	154	128
3889	154	128
3890	154	128
3891	154	128
3892	154	128
3893	155	128
3894	155	128
3895	155	128
3896	156	128
3897	156	128
3898	156	128
3899	157	128
3900	157	128
3901	158	128
3902	159	128
3903	160	128
3904	161	128
3905	161	128
3906	162	128
3907	163	128
3908	163	128
3909	164	128
3910	165	128
3911	165	128
3912	165	128
3913	166	128
3914	166	128
3915	167	128
3916	167	128
3917	168	128
3918	169	128
3919	170	128
3920	171	128
3921	172	128
3922	172	128
3923	173	128
3924	174	128
3925	175	128
3926	175	128
3927	176	128
3928	177	128
3929	177	128
3930	177	127
3931	178	128
3932	177	128
3933	177	128
3934	177	128
3935	177	128
3936	177	128
3937	177	128
3938	177	128
3939	177	128
3940	176	128
3941	176	128
3942	175	128
3943	175	128
3944	175	128
3945	174	128
3946	172	128
3947	172	128
3948	173	128
3949	171	128
3950	168	128
3951	165	128
3952	168	128
3953	171	128
3954	170	128
3955	168	128
3956	168	128
3957	166	128
3958	166	128
3959	166	128
3960	166	128
3961	165	128
3962	165	128
3963	165	128
3964	164	128
3965	165	128
3966	165	128
3967	166	128
3968	165	128
3969	165	128
3970	165	128
3971	165	128
3972	167	128
3973	168	128
3974	167	128
3975	167	128
3976	167	128
3977	167	128
3978	169	128
3979	170	128
3980	170	128
3981	170	128
3982	170	128
3983	171	128
3984	171	128
3985	172	128
3986	173	128
3987	174	128
3988	173	128
3989	173	128
3990	174	128
3991	175	128
3992	176	128
3993	176	128
3994	176	128
3995	176	128
3996	176	128
3997	176	127
3998	177	127
3999	177	128
4000	177	128
4001	177	128
4002	176	128
4003	177	128
4004	177	128
4005	178	128
4006	177	128
4007	177	128
4008	177	128
4009	177	128
4010	177	128
4011	177	128
4012	177	128
4013	177	128
4014	176	128
4015	177	128
4016	177	128
4017	177	128
4018	177	128
4019	177	128
4020	177	128
4021	178	128
4022	176	128
4023	174	128
4024	174	128
4025	175	128
4026	176	128
4027	176	128
4028	175	128
4029	174	128
4030	174	128
4031	173	128
4032	174	128
4033	174	128
4034	173	128
4035	172	128
4036	171	128
4037	171	128
4038	171	128
4039	171	128
4040	171	128
4041	170	128
4042	170	128
4043	168	128
4044	167	128
4045	167	128
4046	169	128
4047	169	128
4048	167	128
4049	166	128
4050	165	128
4051	164	128
4052	164	128
4053	164	128
4054	163	128
4055	162	128
4056	161	128
4057	160	128
4058	159	127
4059	159	128
4060	158	128
4061	157	128
4062	156	127
4063	155	128
4064	155	128
4065	154	127
4066	153	128
4067	153	128
4068	152	128
4069	152	128
4070	151	128
4071	151	128
4072	151	128
4073	151	128
4074	150	128
4075	151	128
4076	150	128
4077	150	128
4078	149	128
4079	149	128
4080	150	128
4081	150	128
4082	151	128
4083	151	128
4084	150	128
4085	151	128
4086	151	128
4087	153	128
4088	154	128
4089	154	128
4090	155	128
4091	155	128
4092	156	128
4093	157	128
4094	158	128
4095	158	128
