
TIME STEP:
125 = 20us

VOLTAGE STEP:
CH1:  32 = 50mV
CH2:  32 = 15mV
GND	-21	128
N	CH1	CH2

0	177	127
1	175	127
2	173	128
3	171	128
4	169	128
5	168	128
6	166	128
7	165	128
8	164	128
9	163	128
10	162	128
11	161	128
12	159	128
13	158	128
14	158	128
15	158	128
16	158	128
17	157	128
18	157	128
19	155	128
20	156	128
21	155	128
22	155	128
23	155	128
24	155	128
25	155	128
26	155	128
27	155	128
28	156	128
29	156	128
30	157	128
31	157	128
32	157	128
33	157	128
34	157	128
35	157	128
36	157	128
37	157	128
38	157	128
39	158	128
40	158	128
41	159	128
42	159	128
43	160	128
44	161	128
45	163	128
46	165	128
47	166	128
48	168	128
49	170	128
50	171	128
51	173	128
52	175	128
53	177	128
54	178	128
55	179	128
56	179	128
57	179	128
58	179	128
59	179	128
60	179	128
61	179	128
62	179	128
63	178	128
64	177	128
65	177	128
66	176	128
67	176	128
68	175	128
69	173	128
70	171	128
71	170	128
72	168	128
73	166	128
74	170	128
75	167	129
76	165	128
77	162	128
78	166	128
79	168	128
80	168	128
81	167	128
82	169	128
83	167	128
84	169	128
85	170	128
86	171	128
87	171	128
88	170	128
89	170	128
90	170	128
91	171	128
92	171	128
93	171	128
94	169	128
95	169	128
96	168	128
97	167	128
98	167	128
99	166	128
100	164	128
101	162	128
102	162	128
103	161	128
104	161	128
105	161	128
106	160	128
107	159	128
108	160	128
109	161	128
110	161	128
111	161	128
112	162	128
113	162	128
114	163	128
115	164	128
116	165	128
117	167	128
118	168	128
119	169	128
120	171	128
121	173	128
122	174	128
123	175	128
124	177	128
125	179	128
126	180	128
127	182	128
128	183	128
129	184	128
130	185	128
131	185	128
132	186	128
133	187	128
134	187	128
135	187	128
136	187	128
137	187	128
138	187	128
139	187	128
140	186	128
141	186	128
142	185	128
143	185	129
144	185	128
145	185	128
146	184	128
147	184	128
148	183	128
149	182	128
150	184	128
151	184	128
152	183	128
153	180	128
154	181	128
155	183	128
156	184	128
157	183	128
158	182	128
159	182	128
160	183	128
161	184	128
162	184	128
163	183	128
164	184	128
165	184	128
166	183	128
167	184	128
168	184	128
169	184	128
170	184	128
171	185	128
172	183	128
173	182	128
174	182	128
175	183	128
176	182	128
177	182	128
178	182	128
179	181	128
180	181	128
181	182	128
182	182	128
183	182	128
184	183	128
185	183	128
186	184	128
187	184	128
188	185	128
189	185	128
190	186	128
191	186	128
192	186	128
193	187	128
194	187	128
195	188	128
196	189	128
197	189	128
198	190	128
199	190	128
200	191	128
201	191	128
202	192	128
203	192	128
204	192	128
205	193	128
206	193	128
207	193	128
208	193	128
209	193	128
210	193	128
211	193	128
212	193	128
213	193	128
214	193	128
215	193	128
216	193	128
217	193	128
218	192	128
219	192	128
220	191	128
221	191	128
222	191	128
223	191	128
224	191	128
225	191	128
226	191	128
227	191	128
228	191	128
229	191	128
230	191	128
231	191	128
232	191	128
233	191	128
234	192	128
235	192	128
236	191	128
237	192	128
238	192	128
239	192	128
240	192	128
241	192	128
242	192	128
243	191	128
244	191	128
245	191	128
246	191	128
247	191	128
248	191	128
249	191	128
250	191	128
251	191	128
252	191	128
253	192	128
254	192	128
255	192	128
256	192	128
257	192	128
258	192	128
259	192	128
260	193	128
261	193	128
262	193	128
263	193	128
264	193	128
265	194	128
266	194	128
267	195	128
268	195	128
269	195	128
270	195	128
271	195	128
272	195	128
273	196	128
274	195	128
275	195	128
276	196	128
277	196	128
278	196	128
279	196	128
280	197	128
281	197	128
282	196	128
283	196	128
284	197	128
285	196	128
286	196	128
287	196	128
288	195	128
289	195	128
290	195	128
291	194	128
292	195	128
293	194	128
294	194	128
295	193	128
296	193	128
297	192	128
298	191	128
299	191	128
300	190	128
301	190	128
302	189	128
303	188	128
304	187	128
305	187	128
306	186	128
307	185	128
308	185	128
309	184	128
310	183	128
311	183	128
312	183	128
313	182	128
314	181	128
315	181	128
316	181	128
317	180	128
318	179	128
319	179	128
320	178	128
321	178	128
322	178	128
323	178	128
324	177	128
325	177	128
326	177	128
327	176	128
328	176	128
329	175	128
330	175	128
331	175	128
332	175	128
333	174	128
334	174	128
335	174	128
336	174	128
337	174	128
338	174	128
339	174	128
340	173	128
341	173	128
342	173	128
343	172	128
344	174	128
345	179	129
346	180	128
347	176	128
348	172	128
349	176	128
350	177	128
351	176	128
352	175	128
353	176	128
354	174	128
355	174	128
356	175	128
357	177	128
358	177	128
359	176	128
360	176	128
361	176	128
362	177	128
363	179	128
364	180	128
365	179	128
366	179	128
367	179	128
368	180	128
369	182	128
370	182	128
371	182	128
372	181	128
373	182	128
374	183	128
375	184	128
376	184	128
377	184	128
378	184	128
379	184	128
380	185	128
381	185	128
382	185	128
383	185	128
384	185	128
385	185	128
386	185	128
387	185	128
388	185	128
389	184	128
390	184	128
391	185	128
392	185	128
393	184	128
394	185	128
395	184	128
396	184	128
397	184	128
398	184	128
399	184	128
400	183	128
401	183	128
402	183	128
403	183	128
404	183	128
405	183	128
406	182	128
407	182	128
408	182	128
409	181	128
410	181	128
411	181	128
412	181	128
413	180	128
414	180	128
415	180	128
416	180	128
417	179	128
418	179	128
419	178	128
420	177	128
421	177	128
422	179	128
423	178	128
424	176	128
425	176	128
426	178	128
427	178	128
428	177	128
429	175	128
430	174	128
431	175	128
432	176	128
433	176	128
434	174	128
435	173	128
436	173	128
437	173	128
438	173	128
439	174	128
440	174	128
441	173	128
442	173	128
443	172	128
444	172	128
445	173	128
446	173	128
447	172	128
448	170	128
449	171	128
450	171	128
451	171	128
452	172	128
453	172	128
454	171	128
455	171	128
456	172	128
457	172	129
458	172	129
459	173	128
460	172	128
461	172	128
462	173	128
463	173	128
464	173	128
465	173	128
466	174	128
467	175	128
468	175	128
469	176	128
470	176	128
471	176	128
472	177	128
473	178	128
474	179	128
475	179	128
476	179	128
477	180	128
478	181	128
479	181	128
480	182	128
481	182	128
482	183	128
483	183	128
484	184	128
485	185	128
486	186	128
487	187	128
488	188	128
489	188	128
490	189	128
491	189	128
492	190	128
493	191	128
494	191	128
495	192	128
496	192	128
497	192	128
498	193	128
499	193	128
500	193	128
501	193	128
502	194	128
503	194	128
504	194	128
505	194	128
506	194	128
507	194	128
508	193	128
509	193	128
510	194	128
511	194	128
512	193	128
513	192	128
514	191	128
515	191	128
516	191	128
517	190	128
518	189	128
519	189	128
520	188	128
521	187	128
522	186	128
523	186	128
524	185	128
525	185	128
526	183	128
527	183	128
528	182	128
529	181	128
530	180	128
531	179	128
532	179	128
533	177	128
534	176	128
535	175	128
536	175	128
537	174	128
538	173	128
539	172	128
540	171	128
541	170	128
542	169	128
543	169	128
544	168	128
545	167	128
546	167	128
547	166	128
548	166	128
549	166	128
550	166	128
551	165	128
552	165	128
553	164	128
554	164	128
555	165	128
556	165	128
557	165	128
558	165	128
559	165	128
560	166	128
561	167	128
562	167	128
563	168	128
564	168	128
565	169	128
566	169	128
567	170	128
568	171	128
569	172	128
570	173	128
571	173	128
572	174	128
573	175	128
574	176	128
575	177	128
576	177	128
577	178	128
578	179	128
579	180	128
580	181	128
581	182	128
582	183	128
583	184	128
584	185	128
585	185	128
586	186	128
587	187	128
588	188	128
589	189	128
590	189	128
591	190	128
592	190	128
593	190	128
594	191	128
595	192	128
596	192	128
597	193	129
598	193	128
599	193	128
600	194	128
601	194	128
602	194	129
603	194	129
604	194	128
605	194	128
606	193	129
607	193	128
608	193	129
609	193	128
610	193	129
611	192	129
612	192	128
613	191	129
614	191	128
615	192	128
616	190	128
617	191	128
618	191	128
619	189	128
620	189	128
621	187	128
622	187	128
623	187	128
624	186	128
625	185	129
626	184	128
627	184	128
628	188	128
629	186	128
630	186	128
631	184	129
632	184	128
633	184	128
634	185	128
635	186	128
636	185	128
637	184	128
638	184	129
639	184	128
640	185	128
641	185	128
642	184	128
643	183	128
644	183	128
645	183	128
646	183	128
647	183	128
648	183	128
649	182	128
650	182	128
651	183	128
652	183	128
653	182	128
654	182	128
655	182	128
656	182	128
657	182	128
658	182	128
659	182	128
660	182	128
661	182	128
662	182	128
663	182	128
664	182	128
665	183	128
666	183	128
667	184	128
668	184	128
669	184	128
670	185	128
671	185	128
672	185	128
673	185	128
674	185	128
675	185	128
676	185	128
677	185	128
678	185	128
679	185	128
680	185	128
681	184	128
682	184	128
683	183	128
684	183	128
685	183	128
686	183	128
687	182	128
688	181	128
689	180	128
690	180	128
691	180	128
692	179	128
693	177	128
694	176	128
695	175	128
696	175	128
697	177	128
698	177	128
699	176	128
700	174	128
701	173	128
702	173	128
703	175	128
704	176	128
705	175	128
706	173	128
707	173	128
708	172	128
709	173	128
710	175	128
711	176	128
712	173	128
713	172	128
714	173	128
715	174	128
716	175	128
717	175	128
718	176	128
719	175	128
720	175	128
721	176	128
722	177	128
723	177	128
724	179	128
725	178	128
726	179	128
727	180	128
728	181	128
729	181	128
730	182	128
731	183	128
732	183	128
733	183	128
734	184	128
735	185	128
736	185	128
737	187	128
738	187	128
739	187	128
740	187	128
741	188	128
742	188	128
743	188	128
744	189	128
745	189	128
746	188	128
747	188	128
748	188	128
749	188	128
750	189	128
751	189	128
752	189	128
753	188	128
754	188	128
755	187	128
756	187	128
757	187	128
758	186	128
759	185	128
760	185	128
761	185	128
762	185	128
763	185	128
764	185	128
765	185	128
766	185	128
767	185	128
768	186	128
769	186	128
770	187	128
771	187	128
772	188	128
773	189	128
774	189	128
775	191	128
776	191	128
777	192	128
778	193	128
779	194	128
780	195	128
781	197	128
782	197	128
783	198	128
784	198	128
785	199	128
786	200	128
787	201	128
788	201	128
789	202	128
790	202	128
791	202	128
792	203	128
793	203	129
794	203	128
795	203	128
796	203	128
797	203	128
798	203	128
799	203	128
800	203	129
801	203	128
802	203	128
803	203	128
804	204	128
805	204	128
806	204	128
807	205	128
808	204	128
809	205	128
810	205	128
811	205	128
812	205	128
813	205	128
814	206	128
815	206	128
816	207	128
817	207	128
818	207	128
819	207	128
820	207	128
821	208	128
822	208	128
823	207	128
824	208	128
825	208	128
826	208	128
827	209	128
828	209	128
829	208	128
830	208	128
831	209	128
832	209	128
833	208	128
834	208	128
835	208	128
836	207	128
837	207	128
838	206	128
839	206	129
840	206	128
841	205	128
842	204	128
843	204	128
844	203	128
845	203	128
846	203	128
847	202	128
848	202	128
849	201	128
850	201	128
851	200	128
852	200	129
853	199	128
854	199	128
855	199	128
856	199	128
857	198	128
858	198	128
859	198	128
860	198	128
861	197	128
862	196	128
863	196	128
864	197	128
865	196	128
866	196	128
867	196	128
868	195	128
869	195	128
870	195	128
871	195	128
872	195	128
873	195	128
874	195	128
875	195	128
876	194	128
877	194	128
878	194	128
879	195	128
880	195	128
881	195	128
882	195	128
883	195	128
884	195	128
885	196	128
886	197	128
887	192	128
888	191	128
889	192	128
890	195	128
891	195	128
892	195	128
893	197	128
894	197	128
895	197	129
896	197	128
897	196	128
898	198	128
899	202	128
900	200	128
901	201	128
902	198	128
903	200	128
904	200	128
905	201	128
906	202	128
907	202	127
908	201	128
909	201	128
910	201	128
911	202	128
912	203	128
913	203	128
914	202	128
915	201	128
916	202	129
917	203	128
918	203	128
919	203	128
920	203	128
921	202	128
922	203	128
923	203	128
924	203	128
925	203	128
926	202	128
927	202	128
928	202	128
929	201	128
930	201	128
931	201	128
932	201	128
933	201	128
934	201	128
935	201	128
936	200	128
937	199	128
938	199	128
939	199	128
940	199	128
941	198	128
942	198	128
943	197	128
944	197	128
945	196	128
946	197	128
947	196	128
948	195	128
949	195	128
950	194	128
951	194	128
952	194	128
953	194	128
954	193	128
955	193	128
956	193	128
957	192	128
958	192	128
959	191	128
960	191	128
961	191	128
962	193	128
963	194	128
964	194	128
965	191	128
966	190	128
967	189	128
968	191	128
969	193	128
970	193	128
971	190	128
972	189	128
973	189	128
974	191	128
975	192	128
976	191	128
977	190	128
978	190	128
979	190	128
980	190	128
981	192	128
982	192	128
983	190	128
984	189	128
985	190	128
986	190	128
987	190	128
988	191	128
989	192	129
990	191	128
991	190	128
992	190	128
993	190	128
994	190	128
995	191	128
996	190	128
997	190	128
998	190	128
999	190	128
1000	190	128
1001	190	128
1002	190	128
1003	189	128
1004	189	128
1005	189	128
1006	189	128
1007	189	128
1008	189	128
1009	188	128
1010	188	128
1011	188	128
1012	189	128
1013	189	128
1014	188	128
1015	189	128
1016	188	128
1017	188	128
1018	188	128
1019	188	128
1020	188	128
1021	188	128
1022	184	127
1023	177	129
1024	194	129
1025	199	129
1026	186	127
1027	185	127
1028	192	128
1029	189	128
1030	184	128
1031	192	128
1032	195	128
1033	189	128
1034	190	128
1035	193	128
1036	188	128
1037	187	128
1038	192	128
1039	191	128
1040	187	128
1041	188	128
1042	189	129
1043	186	129
1044	188	129
1045	190	129
1046	188	128
1047	187	128
1048	187	129
1049	187	128
1050	185	128
1051	185	128
1052	184	128
1053	180	128
1054	178	129
1055	176	128
1056	173	129
1057	169	129
1058	167	128
1059	163	128
1060	160	128
1061	157	129
1062	154	128
1063	150	129
1064	147	128
1065	144	129
1066	139	129
1067	135	128
1068	132	128
1069	128	128
1070	123	128
1071	119	128
1072	114	128
1073	109	128
1074	105	128
1075	100	128
1076	96	128
1077	91	129
1078	87	128
1079	83	128
1080	79	128
1081	76	129
1082	72	128
1083	69	128
1084	65	128
1085	62	128
1086	58	128
1087	55	128
1088	52	128
1089	49	128
1090	46	128
1091	43	128
1092	40	128
1093	38	128
1094	35	128
1095	33	129
1096	30	128
1097	28	128
1098	26	128
1099	24	129
1100	22	128
1101	21	128
1102	19	128
1103	18	128
1104	17	128
1105	16	128
1106	15	128
1107	14	128
1108	13	128
1109	12	128
1110	11	128
1111	10	128
1112	9	128
1113	9	128
1114	8	129
1115	8	128
1116	7	128
1117	6	128
1118	6	128
1119	5	128
1120	5	128
1121	4	128
1122	3	128
1123	3	128
1124	3	128
1125	2	128
1126	2	128
1127	1	128
1128	1	128
1129	1	128
1130	0	128
1131	0	128
1132	0	128
1133	0	128
1134	0	128
1135	0	128
1136	0	128
1137	0	128
1138	0	128
1139	0	128
1140	0	128
1141	0	128
1142	0	128
1143	0	128
1144	0	128
1145	0	128
1146	0	128
1147	0	128
1148	0	128
1149	0	128
1150	0	128
1151	0	128
1152	0	128
1153	0	128
1154	0	129
1155	0	128
1156	0	128
1157	0	128
1158	0	128
1159	0	128
1160	0	128
1161	0	128
1162	0	128
1163	0	128
1164	0	128
1165	0	128
1166	0	128
1167	0	128
1168	0	128
1169	0	128
1170	0	128
1171	0	128
1172	0	128
1173	0	128
1174	0	128
1175	0	128
1176	0	128
1177	0	128
1178	0	128
1179	0	128
1180	0	128
1181	0	128
1182	0	128
1183	0	128
1184	0	128
1185	0	128
1186	0	128
1187	0	128
1188	0	128
1189	0	128
1190	0	128
1191	0	128
1192	0	128
1193	0	128
1194	0	128
1195	0	128
1196	0	128
1197	0	128
1198	0	128
1199	0	128
1200	0	128
1201	0	128
1202	0	128
1203	0	128
1204	0	128
1205	0	128
1206	0	128
1207	0	128
1208	0	128
1209	0	128
1210	0	128
1211	0	128
1212	0	128
1213	0	128
1214	0	128
1215	0	128
1216	0	128
1217	0	128
1218	0	128
1219	0	128
1220	0	128
1221	0	128
1222	0	128
1223	0	128
1224	0	128
1225	0	128
1226	0	128
1227	0	128
1228	0	128
1229	0	128
1230	0	128
1231	0	128
1232	0	128
1233	0	128
1234	0	128
1235	0	128
1236	0	128
1237	0	128
1238	0	128
1239	0	128
1240	0	128
1241	0	128
1242	0	128
1243	0	128
1244	0	128
1245	0	128
1246	0	128
1247	0	128
1248	0	128
1249	0	128
1250	0	128
1251	0	128
1252	0	128
1253	0	128
1254	0	128
1255	0	128
1256	0	128
1257	0	128
1258	0	128
1259	0	128
1260	0	128
1261	0	128
1262	0	128
1263	0	128
1264	0	128
1265	0	128
1266	0	128
1267	0	128
1268	0	128
1269	0	128
1270	0	128
1271	0	128
1272	0	128
1273	0	128
1274	0	128
1275	0	128
1276	0	128
1277	0	128
1278	0	128
1279	0	128
1280	0	128
1281	0	128
1282	0	128
1283	0	128
1284	0	128
1285	0	128
1286	0	128
1287	0	128
1288	0	128
1289	0	128
1290	0	128
1291	0	128
1292	0	128
1293	0	128
1294	0	128
1295	0	128
1296	0	128
1297	0	128
1298	0	128
1299	0	128
1300	0	128
1301	0	128
1302	0	128
1303	0	128
1304	0	128
1305	0	128
1306	0	128
1307	0	128
1308	0	128
1309	0	128
1310	0	128
1311	0	128
1312	0	128
1313	0	128
1314	0	128
1315	0	128
1316	0	128
1317	0	128
1318	0	128
1319	0	128
1320	0	128
1321	0	128
1322	0	128
1323	0	128
1324	0	128
1325	0	128
1326	0	128
1327	0	128
1328	0	128
1329	0	128
1330	0	128
1331	0	128
1332	0	128
1333	0	128
1334	0	128
1335	0	128
1336	0	128
1337	0	128
1338	0	128
1339	0	128
1340	0	128
1341	0	128
1342	0	128
1343	0	128
1344	0	128
1345	0	128
1346	0	128
1347	0	128
1348	0	128
1349	0	128
1350	0	128
1351	0	128
1352	0	128
1353	0	128
1354	0	128
1355	0	128
1356	0	128
1357	0	128
1358	0	128
1359	0	128
1360	0	128
1361	0	128
1362	0	128
1363	0	128
1364	0	128
1365	0	128
1366	0	128
1367	0	128
1368	0	128
1369	0	128
1370	0	128
1371	0	128
1372	0	128
1373	0	128
1374	0	128
1375	0	128
1376	0	128
1377	0	128
1378	0	128
1379	0	128
1380	0	128
1381	0	128
1382	0	128
1383	0	129
1384	1	128
1385	2	128
1386	4	128
1387	6	128
1388	9	128
1389	14	128
1390	20	128
1391	33	128
1392	65	128
1393	113	128
1394	142	128
1395	131	128
1396	100	128
1397	78	128
1398	74	128
1399	90	128
1400	118	128
1401	137	128
1402	137	128
1403	122	128
1404	109	128
1405	108	128
1406	119	128
1407	135	128
1408	143	128
1409	139	128
1410	128	128
1411	119	128
1412	119	128
1413	125	128
1414	130	128
1415	130	128
1416	123	128
1417	115	128
1418	109	128
1419	107	128
1420	108	128
1421	108	128
1422	105	128
1423	100	128
1424	94	128
1425	89	128
1426	86	128
1427	83	128
1428	81	128
1429	79	128
1430	81	128
1431	75	128
1432	66	128
1433	59	128
1434	60	128
1435	58	128
1436	54	128
1437	51	128
1438	49	128
1439	45	128
1440	42	128
1441	39	128
1442	38	128
1443	35	128
1444	32	128
1445	31	128
1446	28	128
1447	27	128
1448	25	128
1449	23	128
1450	21	128
1451	21	128
1452	19	128
1453	18	128
1454	17	128
1455	16	128
1456	15	128
1457	14	128
1458	13	128
1459	12	128
1460	11	128
1461	11	128
1462	10	128
1463	9	128
1464	8	128
1465	8	128
1466	7	128
1467	7	128
1468	6	128
1469	6	128
1470	5	129
1471	5	128
1472	4	129
1473	4	129
1474	4	128
1475	3	128
1476	3	128
1477	3	128
1478	3	128
1479	2	128
1480	2	128
1481	1	129
1482	1	128
1483	1	128
1484	0	128
1485	0	128
1486	0	128
1487	0	128
1488	0	128
1489	0	128
1490	0	128
1491	0	128
1492	0	128
1493	0	128
1494	0	128
1495	0	128
1496	0	128
1497	0	128
1498	0	128
1499	0	129
1500	0	129
1501	0	128
1502	0	128
1503	0	128
1504	0	128
1505	0	128
1506	0	128
1507	0	128
1508	0	128
1509	0	128
1510	0	128
1511	0	128
1512	0	128
1513	0	128
1514	0	128
1515	0	128
1516	0	128
1517	0	127
1518	0	128
1519	0	128
1520	0	128
1521	0	128
1522	0	128
1523	0	128
1524	0	127
1525	0	128
1526	0	128
1527	0	128
1528	0	128
1529	0	127
1530	0	128
1531	0	128
1532	0	128
1533	0	128
1534	0	128
1535	0	128
1536	0	127
1537	0	127
1538	0	128
1539	0	127
1540	0	127
1541	0	127
1542	0	127
1543	0	127
1544	0	127
1545	0	127
1546	0	127
1547	0	128
1548	0	127
1549	0	127
1550	0	128
1551	0	127
1552	0	128
1553	0	128
1554	0	128
1555	0	127
1556	0	127
1557	0	128
1558	0	128
1559	0	128
1560	0	127
1561	0	128
1562	0	128
1563	0	128
1564	0	128
1565	0	128
1566	0	128
1567	0	128
1568	0	128
1569	0	128
1570	0	128
1571	0	128
1572	0	128
1573	0	128
1574	0	128
1575	0	128
1576	0	128
1577	0	128
1578	0	128
1579	0	128
1580	0	128
1581	0	128
1582	0	128
1583	0	128
1584	0	128
1585	0	128
1586	0	128
1587	0	128
1588	0	128
1589	0	128
1590	0	128
1591	0	128
1592	0	128
1593	0	128
1594	0	128
1595	0	128
1596	0	128
1597	0	128
1598	0	128
1599	0	128
1600	0	128
1601	0	128
1602	0	128
1603	0	128
1604	0	128
1605	0	128
1606	0	128
1607	0	128
1608	0	128
1609	0	128
1610	0	128
1611	0	128
1612	0	128
1613	0	128
1614	0	128
1615	0	128
1616	0	128
1617	0	128
1618	0	128
1619	0	128
1620	0	128
1621	0	128
1622	0	128
1623	0	128
1624	0	128
1625	0	128
1626	0	128
1627	0	128
1628	0	128
1629	0	128
1630	0	128
1631	0	128
1632	1	128
1633	2	128
1634	3	128
1635	4	128
1636	5	128
1637	7	128
1638	9	128
1639	11	128
1640	15	128
1641	21	128
1642	31	128
1643	55	128
1644	95	128
1645	129	128
1646	134	127
1647	117	128
1648	100	127
1649	100	127
1650	123	128
1651	159	127
1652	189	128
1653	199	128
1654	197	128
1655	201	128
1656	221	128
1657	255	128
1658	255	128
1659	255	128
1660	255	128
1661	255	128
1662	255	128
1663	255	128
1664	255	128
1665	255	128
1666	255	128
1667	255	128
1668	255	128
1669	255	128
1670	255	128
1671	255	128
1672	234	128
1673	219	128
1674	214	128
1675	216	128
1676	216	128
1677	213	128
1678	207	128
1679	204	128
1680	207	127
1681	215	127
1682	222	128
1683	226	128
1684	228	128
1685	231	128
1686	237	128
1687	246	128
1688	255	128
1689	255	128
1690	255	128
1691	255	128
1692	255	128
1693	255	129
1694	255	128
1695	255	128
1696	255	128
1697	255	128
1698	255	128
1699	255	128
1700	255	128
1701	255	129
1702	255	129
1703	255	129
1704	255	129
1705	255	128
1706	255	128
1707	255	128
1708	255	128
1709	255	128
1710	255	128
1711	255	128
1712	255	128
1713	255	128
1714	255	128
1715	255	128
1716	255	128
1717	255	128
1718	255	128
1719	255	128
1720	249	128
1721	241	128
1722	231	128
1723	223	128
1724	216	128
1725	210	128
1726	203	128
1727	195	128
1728	187	127
1729	180	128
1730	175	128
1731	169	128
1732	164	128
1733	158	128
1734	153	128
1735	147	128
1736	144	127
1737	140	128
1738	136	128
1739	131	128
1740	127	128
1741	125	128
1742	122	127
1743	119	128
1744	117	128
1745	114	128
1746	112	128
1747	110	128
1748	108	128
1749	107	128
1750	105	128
1751	104	128
1752	103	128
1753	102	128
1754	101	128
1755	101	128
1756	101	128
1757	101	129
1758	101	128
1759	102	129
1760	102	129
1761	102	128
1762	103	128
1763	105	128
1764	106	128
1765	107	128
1766	109	128
1767	110	128
1768	112	128
1769	114	128
1770	117	128
1771	119	128
1772	123	128
1773	125	128
1774	128	128
1775	131	128
1776	135	128
1777	139	128
1778	142	128
1779	146	128
1780	149	128
1781	155	128
1782	162	128
1783	167	128
1784	171	128
1785	174	128
1786	179	128
1787	185	128
1788	194	128
1789	200	128
1790	203	128
1791	208	128
1792	213	128
1793	220	128
1794	226	128
1795	232	128
1796	236	128
1797	238	128
1798	243	128
1799	248	128
1800	254	128
1801	255	128
1802	255	128
1803	255	129
1804	255	128
1805	255	128
1806	255	128
1807	255	128
1808	255	128
1809	255	128
1810	255	128
1811	255	128
1812	255	128
1813	255	128
1814	255	128
1815	255	129
1816	251	128
1817	247	128
1818	243	128
1819	239	128
1820	235	128
1821	229	128
1822	224	128
1823	219	128
1824	214	128
1825	209	128
1826	205	128
1827	199	128
1828	194	128
1829	189	128
1830	184	128
1831	180	128
1832	175	128
1833	172	128
1834	167	128
1835	163	128
1836	159	128
1837	156	128
1838	153	128
1839	150	128
1840	147	128
1841	144	128
1842	141	128
1843	139	128
1844	137	128
1845	136	128
1846	134	128
1847	133	128
1848	131	128
1849	130	128
1850	129	128
1851	129	128
1852	128	128
1853	128	128
1854	128	128
1855	128	128
1856	128	128
1857	129	128
1858	129	128
1859	130	128
1860	131	128
1861	132	128
1862	133	128
1863	135	128
1864	137	128
1865	139	128
1866	141	128
1867	143	128
1868	145	128
1869	147	128
1870	150	128
1871	153	128
1872	156	128
1873	159	128
1874	162	128
1875	165	128
1876	169	128
1877	172	128
1878	176	128
1879	180	128
1880	183	128
1881	187	128
1882	191	128
1883	195	128
1884	199	128
1885	202	128
1886	205	128
1887	209	128
1888	213	128
1889	216	128
1890	219	128
1891	222	129
1892	225	128
1893	228	128
1894	230	128
1895	233	128
1896	235	128
1897	236	128
1898	238	128
1899	238	128
1900	239	128
1901	241	128
1902	241	128
1903	241	128
1904	240	128
1905	239	128
1906	239	128
1907	238	128
1908	237	128
1909	235	128
1910	233	128
1911	231	128
1912	229	128
1913	227	128
1914	225	128
1915	223	128
1916	219	128
1917	217	128
1918	214	128
1919	211	128
1920	208	128
1921	205	128
1922	201	128
1923	199	128
1924	195	128
1925	192	128
1926	189	128
1927	187	128
1928	184	128
1929	181	128
1930	178	128
1931	175	128
1932	173	128
1933	170	128
1934	168	128
1935	167	128
1936	164	128
1937	163	128
1938	160	128
1939	159	128
1940	157	128
1941	156	128
1942	154	128
1943	153	129
1944	152	128
1945	151	128
1946	151	128
1947	150	128
1948	149	128
1949	149	128
1950	149	129
1951	149	128
1952	149	128
1953	150	128
1954	150	128
1955	150	129
1956	151	128
1957	151	128
1958	152	128
1959	153	128
1960	154	128
1961	156	128
1962	157	129
1963	158	128
1964	159	128
1965	161	128
1966	163	128
1967	165	128
1968	167	128
1969	168	128
1970	171	128
1971	173	128
1972	171	128
1973	173	128
1974	178	128
1975	183	128
1976	184	128
1977	185	128
1978	189	128
1979	191	128
1980	194	128
1981	195	128
1982	197	128
1983	202	128
1984	207	128
1985	208	128
1986	210	128
1987	210	128
1988	213	128
1989	214	128
1990	218	128
1991	219	128
1992	220	128
1993	219	128
1994	221	128
1995	223	128
1996	224	128
1997	225	128
1998	225	128
1999	225	128
2000	224	128
2001	225	128
2002	225	128
2003	225	128
2004	224	128
2005	223	128
2006	221	128
2007	221	128
2008	220	128
2009	218	128
2010	216	128
2011	214	128
2012	213	128
2013	211	128
2014	209	128
2015	208	128
2016	205	128
2017	203	128
2018	201	128
2019	199	128
2020	197	128
2021	195	128
2022	193	128
2023	190	128
2024	188	128
2025	186	128
2026	185	128
2027	183	128
2028	181	128
2029	178	128
2030	176	128
2031	175	128
2032	174	128
2033	172	128
2034	171	128
2035	169	128
2036	167	128
2037	166	129
2038	165	128
2039	165	128
2040	164	128
2041	163	128
2042	162	128
2043	161	128
2044	161	128
2045	160	128
2046	160	128
2047	160	128
2048	162	128
2049	162	128
2050	159	128
2051	158	128
2052	158	128
2053	161	128
2054	163	128
2055	162	128
2056	161	128
2057	160	128
2058	162	128
2059	164	128
2060	166	128
2061	166	128
2062	165	128
2063	166	128
2064	168	128
2065	170	128
2066	172	128
2067	173	128
2068	172	128
2069	173	128
2070	176	128
2071	178	128
2072	179	128
2073	181	128
2074	183	128
2075	184	128
2076	184	128
2077	187	128
2078	189	128
2079	190	128
2080	192	128
2081	193	128
2082	194	128
2083	195	128
2084	197	128
2085	198	128
2086	199	128
2087	201	128
2088	202	128
2089	203	128
2090	203	128
2091	205	128
2092	205	128
2093	206	128
2094	207	128
2095	207	128
2096	208	128
2097	208	128
2098	208	128
2099	208	128
2100	208	128
2101	208	129
2102	208	128
2103	208	128
2104	208	128
2105	207	128
2106	206	128
2107	205	128
2108	205	129
2109	204	128
2110	203	128
2111	202	128
2112	201	128
2113	200	129
2114	199	128
2115	198	128
2116	197	128
2117	196	128
2118	194	128
2119	192	128
2120	191	128
2121	191	128
2122	189	128
2123	188	128
2124	187	128
2125	185	128
2126	184	128
2127	183	128
2128	182	128
2129	181	128
2130	180	128
2131	179	128
2132	178	128
2133	177	128
2134	177	128
2135	176	128
2136	175	128
2137	174	128
2138	173	128
2139	173	128
2140	172	129
2141	172	128
2142	172	128
2143	171	128
2144	171	128
2145	170	129
2146	171	128
2147	171	128
2148	171	128
2149	171	129
2150	171	129
2151	171	128
2152	171	128
2153	171	128
2154	172	128
2155	173	128
2156	173	128
2157	173	128
2158	174	128
2159	174	128
2160	175	128
2161	176	128
2162	177	128
2163	177	128
2164	178	128
2165	179	128
2166	179	128
2167	180	128
2168	181	128
2169	182	128
2170	183	129
2171	183	129
2172	184	129
2173	185	129
2174	186	128
2175	187	128
2176	187	128
2177	188	128
2178	189	129
2179	189	128
2180	191	128
2181	191	128
2182	192	128
2183	193	128
2184	194	128
2185	194	128
2186	195	128
2187	196	128
2188	197	128
2189	197	128
2190	198	128
2191	198	128
2192	199	128
2193	200	128
2194	201	128
2195	201	128
2196	201	128
2197	201	128
2198	201	128
2199	201	128
2200	201	128
2201	201	128
2202	200	128
2203	200	128
2204	199	129
2205	199	128
2206	199	128
2207	199	128
2208	198	128
2209	198	129
2210	197	128
2211	196	128
2212	195	128
2213	195	128
2214	194	128
2215	193	128
2216	192	128
2217	191	128
2218	191	128
2219	190	128
2220	189	128
2221	188	128
2222	187	128
2223	187	128
2224	186	128
2225	185	128
2226	184	128
2227	183	128
2228	182	128
2229	182	128
2230	180	128
2231	180	128
2232	179	128
2233	179	128
2234	179	128
2235	179	128
2236	178	128
2237	178	128
2238	177	128
2239	177	128
2240	177	128
2241	178	128
2242	177	128
2243	174	128
2244	176	128
2245	174	128
2246	175	128
2247	174	128
2248	177	128
2249	181	128
2250	181	128
2251	181	128
2252	181	128
2253	179	128
2254	182	128
2255	185	128
2256	186	128
2257	185	128
2258	184	128
2259	185	128
2260	185	128
2261	189	128
2262	190	128
2263	191	128
2264	189	128
2265	189	128
2266	190	128
2267	192	128
2268	194	128
2269	194	128
2270	194	128
2271	193	128
2272	194	128
2273	195	128
2274	196	128
2275	197	128
2276	196	128
2277	195	128
2278	197	128
2279	197	128
2280	198	128
2281	198	128
2282	198	128
2283	197	128
2284	198	128
2285	197	128
2286	197	128
2287	197	128
2288	196	128
2289	195	128
2290	196	128
2291	196	128
2292	195	128
2293	195	128
2294	194	128
2295	194	128
2296	193	128
2297	192	128
2298	191	128
2299	191	128
2300	190	128
2301	189	128
2302	189	128
2303	187	128
2304	187	128
2305	186	128
2306	185	128
2307	184	128
2308	183	128
2309	182	128
2310	181	128
2311	181	128
2312	180	128
2313	179	128
2314	179	128
2315	178	128
2316	178	128
2317	179	128
2318	178	128
2319	177	128
2320	179	128
2321	180	128
2322	178	128
2323	176	128
2324	177	128
2325	180	128
2326	180	128
2327	178	128
2328	177	128
2329	179	128
2330	181	128
2331	183	128
2332	183	128
2333	181	128
2334	181	128
2335	183	129
2336	185	128
2337	187	128
2338	188	128
2339	187	128
2340	188	128
2341	190	128
2342	191	128
2343	191	128
2344	194	128
2345	195	128
2346	195	128
2347	195	128
2348	197	128
2349	198	128
2350	199	128
2351	199	128
2352	200	128
2353	199	128
2354	200	128
2355	201	128
2356	201	128
2357	201	128
2358	201	129
2359	200	128
2360	200	128
2361	199	128
2362	199	128
2363	199	128
2364	198	128
2365	197	128
2366	196	128
2367	195	128
2368	195	128
2369	194	128
2370	193	128
2371	192	128
2372	191	128
2373	191	128
2374	191	128
2375	190	128
2376	189	128
2377	189	128
2378	189	128
2379	188	128
2380	188	128
2381	187	128
2382	187	128
2383	187	128
2384	187	128
2385	187	128
2386	187	128
2387	187	128
2388	186	128
2389	186	128
2390	186	128
2391	186	128
2392	186	128
2393	186	128
2394	185	128
2395	185	128
2396	186	128
2397	186	128
2398	186	128
2399	185	128
2400	185	128
2401	185	128
2402	185	128
2403	185	128
2404	185	128
2405	186	128
2406	186	128
2407	187	128
2408	187	128
2409	187	128
2410	188	128
2411	188	128
2412	188	128
2413	189	128
2414	189	128
2415	189	128
2416	190	128
2417	190	128
2418	191	128
2419	191	128
2420	191	128
2421	192	128
2422	192	128
2423	193	128
2424	193	128
2425	194	128
2426	195	128
2427	195	129
2428	195	128
2429	195	128
2430	195	128
2431	195	128
2432	196	128
2433	196	128
2434	196	128
2435	196	128
2436	196	128
2437	195	128
2438	195	128
2439	195	128
2440	195	128
2441	195	128
2442	194	128
2443	194	128
2444	194	128
2445	193	128
2446	193	128
2447	193	128
2448	193	128
2449	192	128
2450	192	128
2451	191	128
2452	191	128
2453	190	128
2454	189	128
2455	188	128
2456	187	128
2457	187	128
2458	185	128
2459	184	128
2460	184	128
2461	183	128
2462	182	128
2463	181	128
2464	180	128
2465	180	128
2466	179	128
2467	179	128
2468	179	128
2469	178	128
2470	178	128
2471	177	128
2472	178	128
2473	178	128
2474	178	128
2475	178	128
2476	178	128
2477	178	128
2478	179	128
2479	180	128
2480	181	128
2481	181	128
2482	181	128
2483	182	128
2484	183	128
2485	184	128
2486	185	128
2487	185	128
2488	186	128
2489	187	128
2490	187	128
2491	189	129
2492	189	128
2493	191	128
2494	191	128
2495	192	128
2496	193	128
2497	194	128
2498	195	128
2499	196	128
2500	197	128
2501	198	128
2502	199	128
2503	199	128
2504	201	128
2505	201	128
2506	202	128
2507	202	128
2508	203	128
2509	203	129
2510	205	128
2511	205	128
2512	206	128
2513	205	128
2514	206	128
2515	213	128
2516	212	128
2517	209	128
2518	205	128
2519	209	128
2520	211	128
2521	210	128
2522	209	128
2523	210	128
2524	208	128
2525	209	128
2526	209	128
2527	209	128
2528	208	128
2529	207	128
2530	207	128
2531	207	128
2532	207	128
2533	209	128
2534	208	128
2535	207	128
2536	207	128
2537	207	128
2538	208	128
2539	209	128
2540	209	128
2541	209	128
2542	208	128
2543	208	128
2544	209	128
2545	208	128
2546	208	128
2547	208	128
2548	208	128
2549	208	128
2550	209	128
2551	208	128
2552	207	128
2553	207	128
2554	207	128
2555	207	128
2556	207	128
2557	206	128
2558	206	128
2559	205	128
2560	205	128
2561	204	128
2562	204	128
2563	203	128
2564	203	128
2565	202	128
2566	200	128
2567	199	128
2568	197	128
2569	196	128
2570	193	128
2571	190	128
2572	186	128
2573	182	128
2574	177	128
2575	173	128
2576	169	128
2577	165	128
2578	161	128
2579	158	128
2580	155	128
2581	152	128
2582	149	128
2583	147	128
2584	146	128
2585	145	128
2586	144	128
2587	143	128
2588	142	128
2589	141	128
2590	140	128
2591	140	128
2592	142	128
2593	143	128
2594	143	128
2595	144	128
2596	147	128
2597	149	128
2598	150	128
2599	150	128
2600	152	128
2601	155	128
2602	159	128
2603	162	129
2604	162	129
2605	164	128
2606	167	128
2607	170	128
2608	173	128
2609	177	128
2610	179	128
2611	181	128
2612	184	128
2613	187	128
2614	190	128
2615	193	128
2616	196	128
2617	197	128
2618	198	128
2619	201	128
2620	203	128
2621	205	128
2622	207	128
2623	209	128
2624	209	128
2625	210	128
2626	211	128
2627	211	128
2628	211	128
2629	211	128
2630	210	128
2631	210	128
2632	209	129
2633	208	128
2634	207	128
2635	205	128
2636	203	128
2637	201	128
2638	199	128
2639	197	128
2640	195	129
2641	193	128
2642	190	128
2643	187	128
2644	184	128
2645	181	128
2646	179	128
2647	176	128
2648	174	128
2649	171	128
2650	168	128
2651	166	129
2652	163	128
2653	161	128
2654	159	128
2655	157	128
2656	155	128
2657	153	128
2658	151	128
2659	149	128
2660	147	128
2661	146	129
2662	145	128
2663	143	128
2664	143	128
2665	141	128
2666	141	128
2667	140	128
2668	139	128
2669	138	128
2670	138	128
2671	138	129
2672	138	128
2673	137	128
2674	137	128
2675	137	128
2676	138	128
2677	138	128
2678	138	128
2679	139	128
2680	139	128
2681	140	128
2682	141	128
2683	142	128
2684	143	128
2685	144	128
2686	145	128
2687	146	128
2688	147	128
2689	149	128
2690	151	128
2691	152	128
2692	153	128
2693	155	128
2694	157	128
2695	158	128
2696	160	128
2697	161	128
2698	163	128
2699	165	128
2700	166	128
2701	168	128
2702	170	128
2703	171	128
2704	173	128
2705	175	128
2706	176	128
2707	177	128
2708	179	128
2709	180	128
2710	181	128
2711	182	128
2712	183	128
2713	184	128
2714	185	128
2715	185	128
2716	185	128
2717	185	128
2718	185	128
2719	186	128
2720	186	128
2721	186	128
2722	185	128
2723	185	128
2724	184	128
2725	183	128
2726	183	128
2727	182	128
2728	181	128
2729	179	128
2730	179	128
2731	178	128
2732	177	128
2733	176	128
2734	175	128
2735	173	128
2736	172	128
2737	171	128
2738	170	128
2739	169	128
2740	169	128
2741	169	129
2742	167	128
2743	167	128
2744	167	128
2745	167	128
2746	166	128
2747	167	129
2748	166	128
2749	167	129
2750	167	128
2751	168	129
2752	169	128
2753	170	128
2754	171	128
2755	173	129
2756	174	128
2757	176	129
2758	178	128
2759	180	128
2760	183	128
2761	185	128
2762	188	128
2763	191	128
2764	193	128
2765	197	128
2766	199	128
2767	203	128
2768	206	128
2769	209	128
2770	212	128
2771	216	128
2772	220	128
2773	223	128
2774	226	128
2775	229	128
2776	232	128
2777	235	128
2778	237	128
2779	239	128
2780	241	128
2781	242	128
2782	243	128
2783	243	128
2784	241	128
2785	241	128
2786	238	128
2787	237	128
2788	234	128
2789	228	128
2790	225	128
2791	218	128
2792	213	128
2793	209	128
2794	205	128
2795	199	128
2796	195	128
2797	193	128
2798	193	128
2799	188	128
2800	185	128
2801	181	128
2802	179	128
2803	176	128
2804	176	128
2805	174	128
2806	172	128
2807	169	128
2808	167	128
2809	164	128
2810	164	128
2811	163	128
2812	161	128
2813	159	128
2814	157	128
2815	156	128
2816	155	128
2817	154	128
2818	153	128
2819	151	128
2820	150	128
2821	149	128
2822	148	128
2823	148	128
2824	147	128
2825	147	128
2826	147	128
2827	146	128
2828	147	128
2829	147	128
2830	148	128
2831	149	128
2832	149	128
2833	150	128
2834	151	128
2835	153	128
2836	154	128
2837	155	128
2838	157	128
2839	159	128
2840	160	128
2841	162	128
2842	164	128
2843	166	128
2844	167	128
2845	169	128
2846	170	128
2847	172	128
2848	173	129
2849	175	128
2850	176	128
2851	177	128
2852	179	128
2853	180	128
2854	180	128
2855	181	128
2856	183	128
2857	184	128
2858	184	128
2859	185	128
2860	185	128
2861	186	128
2862	188	128
2863	188	128
2864	187	128
2865	187	128
2866	187	128
2867	190	128
2868	191	129
2869	190	128
2870	189	128
2871	187	128
2872	188	128
2873	189	128
2874	190	128
2875	188	128
2876	187	128
2877	187	128
2878	187	128
2879	187	128
2880	187	128
2881	186	128
2882	182	128
2883	181	128
2884	181	128
2885	181	128
2886	179	128
2887	178	128
2888	177	128
2889	175	128
2890	173	129
2891	173	128
2892	171	128
2893	170	128
2894	169	129
2895	167	128
2896	166	128
2897	165	128
2898	164	128
2899	162	129
2900	161	128
2901	161	128
2902	160	128
2903	160	128
2904	159	128
2905	159	128
2906	158	128
2907	159	128
2908	159	128
2909	159	128
2910	159	128
2911	159	128
2912	159	128
2913	159	128
2914	160	128
2915	161	128
2916	161	128
2917	162	128
2918	162	128
2919	163	128
2920	164	128
2921	165	128
2922	166	128
2923	167	128
2924	168	128
2925	169	128
2926	171	128
2927	171	128
2928	173	128
2929	174	128
2930	175	128
2931	176	128
2932	177	128
2933	177	128
2934	179	128
2935	179	128
2936	180	128
2937	181	128
2938	180	128
2939	181	128
2940	180	128
2941	181	128
2942	180	128
2943	180	127
2944	180	128
2945	180	128
2946	179	128
2947	178	128
2948	178	128
2949	178	128
2950	177	128
2951	175	128
2952	174	128
2953	174	128
2954	173	128
2955	173	128
2956	172	128
2957	171	129
2958	170	128
2959	170	128
2960	169	128
2961	170	128
2962	169	128
2963	169	128
2964	169	128
2965	169	128
2966	169	128
2967	169	128
2968	169	128
2969	170	128
2970	170	128
2971	171	128
2972	172	128
2973	173	128
2974	174	128
2975	175	128
2976	175	128
2977	176	128
2978	178	128
2979	179	127
2980	181	127
2981	183	128
2982	183	128
2983	185	128
2984	186	128
2985	187	128
2986	189	128
2987	190	128
2988	190	128
2989	191	128
2990	191	128
2991	191	128
2992	191	128
2993	192	128
2994	191	128
2995	190	128
2996	189	128
2997	188	128
2998	187	128
2999	187	128
3000	185	128
3001	184	128
3002	182	128
3003	181	128
3004	181	128
3005	179	128
3006	178	128
3007	176	128
3008	175	128
3009	173	128
3010	173	128
3011	172	128
3012	171	128
3013	171	128
3014	170	128
3015	170	128
3016	170	128
3017	171	128
3018	171	128
3019	171	128
3020	171	128
3021	171	128
3022	172	128
3023	173	128
3024	173	128
3025	174	128
3026	175	128
3027	175	128
3028	176	128
3029	177	128
3030	178	128
3031	178	128
3032	179	128
3033	179	128
3034	180	128
3035	181	128
3036	181	128
3037	182	128
3038	183	128
3039	183	128
3040	184	128
3041	185	128
3042	185	128
3043	186	128
3044	186	128
3045	187	128
3046	187	128
3047	188	128
3048	188	128
3049	189	128
3050	189	128
3051	189	128
3052	189	128
3053	189	128
3054	189	128
3055	191	128
3056	191	128
3057	186	128
3058	185	128
3059	187	128
3060	190	127
3061	189	128
3062	189	127
3063	190	128
3064	190	128
3065	191	128
3066	190	128
3067	190	128
3068	193	128
3069	196	128
3070	195	128
3071	195	128
3072	194	128
3073	195	128
3074	195	128
3075	197	128
3076	197	128
3077	198	127
3078	197	128
3079	197	128
3080	198	127
3081	199	128
3082	200	128
3083	201	128
3084	200	128
3085	200	128
3086	201	128
3087	201	128
3088	201	128
3089	202	128
3090	202	128
3091	202	128
3092	202	128
3093	202	127
3094	202	128
3095	202	128
3096	202	128
3097	202	128
3098	202	128
3099	201	128
3100	201	128
3101	201	128
3102	201	128
3103	200	128
3104	200	128
3105	200	128
3106	199	128
3107	199	127
3108	199	128
3109	196	126
3110	194	127
3111	197	128
3112	206	127
3113	197	128
3114	193	127
3115	203	127
3116	200	127
3117	195	127
3118	202	127
3119	205	127
3120	200	127
3121	200	127
3122	203	128
3123	198	128
3124	196	127
3125	200	128
3126	199	128
3127	194	127
3128	195	127
3129	195	128
3130	192	128
3131	193	127
3132	195	128
3133	193	128
3134	191	128
3135	191	128
3136	189	128
3137	184	128
3138	185	128
3139	184	128
3140	179	128
3141	174	128
3142	170	128
3143	167	128
3144	165	128
3145	163	128
3146	157	128
3147	151	129
3148	148	128
3149	146	128
3150	143	128
3151	140	128
3152	137	128
3153	131	128
3154	127	128
3155	124	128
3156	120	128
3157	114	128
3158	112	128
3159	109	128
3160	103	128
3161	97	128
3162	94	128
3163	90	128
3164	86	128
3165	83	128
3166	80	128
3167	75	128
3168	72	128
3169	69	128
3170	65	128
3171	62	128
3172	60	128
3173	57	128
3174	53	128
3175	51	128
3176	48	128
3177	45	128
3178	43	128
3179	40	128
3180	38	128
3181	35	129
3182	33	128
3183	31	129
3184	29	128
3185	28	128
3186	27	128
3187	25	128
3188	24	128
3189	22	128
3190	21	128
3191	20	129
3192	18	128
3193	17	128
3194	16	128
3195	15	128
3196	14	128
3197	13	128
3198	12	128
3199	11	128
3200	10	128
3201	10	128
3202	9	128
3203	8	128
3204	7	128
3205	7	128
3206	7	128
3207	6	128
3208	6	128
3209	5	128
3210	5	128
3211	4	128
3212	4	128
3213	3	128
3214	3	128
3215	3	128
3216	3	128
3217	2	128
3218	2	128
3219	1	128
3220	1	128
3221	1	128
3222	1	128
3223	0	128
3224	0	128
3225	0	128
3226	0	128
3227	0	128
3228	0	128
3229	0	128
3230	0	128
3231	0	128
3232	0	128
3233	0	128
3234	0	128
3235	0	128
3236	0	128
3237	0	128
3238	0	128
3239	0	128
3240	0	128
3241	0	128
3242	0	128
3243	0	128
3244	0	128
3245	0	128
3246	0	128
3247	0	128
3248	0	128
3249	0	128
3250	0	128
3251	0	128
3252	0	128
3253	0	128
3254	0	128
3255	0	128
3256	0	128
3257	0	128
3258	0	128
3259	0	128
3260	0	128
3261	0	128
3262	0	128
3263	0	128
3264	0	128
3265	0	128
3266	0	128
3267	0	128
3268	0	128
3269	0	128
3270	0	128
3271	0	128
3272	0	128
3273	0	128
3274	0	128
3275	0	128
3276	0	128
3277	0	128
3278	0	128
3279	0	128
3280	0	128
3281	0	128
3282	0	128
3283	0	128
3284	0	128
3285	0	128
3286	0	128
3287	0	128
3288	0	128
3289	0	128
3290	0	128
3291	0	128
3292	0	128
3293	0	128
3294	0	128
3295	0	128
3296	0	128
3297	0	128
3298	0	128
3299	0	128
3300	0	128
3301	0	128
3302	0	128
3303	0	128
3304	0	128
3305	0	128
3306	0	128
3307	0	128
3308	0	128
3309	0	128
3310	0	128
3311	0	128
3312	0	128
3313	0	128
3314	0	128
3315	0	128
3316	0	128
3317	0	128
3318	0	128
3319	0	128
3320	0	128
3321	0	128
3322	0	128
3323	0	128
3324	0	128
3325	0	128
3326	0	128
3327	0	128
3328	0	128
3329	0	128
3330	0	128
3331	0	128
3332	0	128
3333	0	128
3334	0	128
3335	0	128
3336	0	128
3337	0	128
3338	0	128
3339	0	128
3340	0	128
3341	0	128
3342	0	128
3343	0	128
3344	0	128
3345	0	128
3346	0	128
3347	0	128
3348	0	128
3349	0	128
3350	0	128
3351	0	128
3352	0	128
3353	0	128
3354	0	128
3355	0	128
3356	0	128
3357	0	128
3358	0	128
3359	0	128
3360	0	128
3361	0	128
3362	0	128
3363	0	128
3364	0	128
3365	0	128
3366	0	128
3367	0	128
3368	0	128
3369	0	128
3370	0	128
3371	0	128
3372	0	128
3373	0	128
3374	0	128
3375	0	128
3376	0	128
3377	0	128
3378	0	128
3379	0	128
3380	0	128
3381	0	128
3382	0	128
3383	0	128
3384	0	128
3385	0	128
3386	0	128
3387	0	128
3388	0	128
3389	0	128
3390	0	128
3391	0	129
3392	0	128
3393	0	128
3394	0	128
3395	0	128
3396	0	128
3397	0	128
3398	0	128
3399	0	128
3400	0	128
3401	0	128
3402	0	128
3403	0	128
3404	0	128
3405	0	128
3406	0	128
3407	0	128
3408	0	128
3409	0	128
3410	0	128
3411	0	128
3412	0	128
3413	0	128
3414	0	128
3415	1	128
3416	2	128
3417	3	128
3418	3	128
3419	6	128
3420	9	128
3421	11	128
3422	16	128
3423	22	128
3424	32	128
3425	53	128
3426	78	128
3427	92	128
3428	88	128
3429	75	128
3430	62	128
3431	56	128
3432	58	128
3433	69	128
3434	80	128
3435	86	128
3436	86	128
3437	82	128
3438	77	128
3439	75	128
3440	79	128
3441	82	128
3442	86	128
3443	87	128
3444	85	128
3445	82	128
3446	80	128
3447	78	128
3448	79	128
3449	80	128
3450	79	128
3451	78	128
3452	76	128
3453	74	128
3454	73	128
3455	71	128
3456	70	128
3457	69	128
3458	68	128
3459	66	128
3460	64	128
3461	61	128
3462	59	128
3463	57	128
3464	55	128
3465	53	128
3466	51	128
3467	49	128
3468	47	128
3469	45	128
3470	43	128
3471	41	128
3472	39	128
3473	38	128
3474	36	128
3475	34	128
3476	33	128
3477	31	128
3478	29	128
3479	28	128
3480	27	128
3481	25	128
3482	24	128
3483	22	128
3484	21	128
3485	20	128
3486	19	128
3487	18	128
3488	17	128
3489	16	128
3490	15	128
3491	14	128
3492	13	128
3493	13	128
3494	12	128
3495	11	128
3496	10	128
3497	10	128
3498	9	128
3499	9	128
3500	8	129
3501	8	128
3502	7	128
3503	7	128
3504	6	129
3505	6	128
3506	5	128
3507	5	128
3508	5	128
3509	4	128
3510	3	128
3511	3	128
3512	3	128
3513	3	128
3514	3	128
3515	2	128
3516	2	128
3517	1	128
3518	1	128
3519	1	128
3520	0	128
3521	0	129
3522	0	128
3523	0	128
3524	0	128
3525	0	128
3526	0	128
3527	0	129
3528	0	128
3529	0	128
3530	0	128
3531	0	128
3532	0	128
3533	0	128
3534	0	128
3535	0	128
3536	0	128
3537	0	128
3538	0	128
3539	0	128
3540	0	128
3541	0	128
3542	0	128
3543	0	128
3544	0	128
3545	0	128
3546	0	128
3547	0	128
3548	0	128
3549	0	128
3550	0	128
3551	0	128
3552	0	128
3553	0	128
3554	0	128
3555	0	128
3556	0	128
3557	0	128
3558	0	128
3559	0	128
3560	0	128
3561	0	128
3562	0	128
3563	0	128
3564	0	128
3565	0	128
3566	0	128
3567	0	128
3568	0	128
3569	0	128
3570	0	128
3571	0	128
3572	0	128
3573	0	128
3574	0	128
3575	0	128
3576	0	128
3577	0	128
3578	0	128
3579	0	128
3580	0	128
3581	0	128
3582	0	128
3583	0	128
3584	0	128
3585	0	128
3586	0	128
3587	0	128
3588	0	128
3589	0	128
3590	0	128
3591	0	128
3592	0	128
3593	0	128
3594	0	128
3595	0	128
3596	0	128
3597	0	128
3598	0	128
3599	0	128
3600	0	128
3601	0	128
3602	0	128
3603	0	128
3604	0	128
3605	0	128
3606	0	128
3607	0	128
3608	0	128
3609	0	128
3610	0	128
3611	0	128
3612	0	128
3613	0	128
3614	0	128
3615	0	128
3616	0	128
3617	0	128
3618	0	128
3619	0	128
3620	0	128
3621	0	128
3622	0	128
3623	0	128
3624	0	128
3625	0	128
3626	0	128
3627	0	128
3628	0	128
3629	0	129
3630	0	128
3631	0	128
3632	0	128
3633	0	128
3634	0	128
3635	0	128
3636	0	128
3637	0	128
3638	0	128
3639	0	128
3640	0	128
3641	0	128
3642	0	128
3643	0	128
3644	0	128
3645	0	128
3646	0	128
3647	0	128
3648	0	128
3649	0	128
3650	0	128
3651	0	128
3652	0	128
3653	0	128
3654	0	128
3655	0	128
3656	0	128
3657	0	128
3658	0	128
3659	0	128
3660	0	128
3661	0	128
3662	0	128
3663	0	128
3664	0	128
3665	0	128
3666	0	128
3667	0	128
3668	0	128
3669	0	128
3670	0	128
3671	0	128
3672	0	128
3673	0	128
3674	0	128
3675	0	128
3676	0	128
3677	0	128
3678	0	128
3679	0	128
3680	0	128
3681	0	128
3682	0	128
3683	0	128
3684	0	128
3685	0	128
3686	0	128
3687	0	128
3688	0	128
3689	0	128
3690	0	128
3691	1	128
3692	1	128
3693	2	128
3694	3	128
3695	5	128
3696	7	128
3697	11	128
3698	15	128
3699	19	128
3700	27	128
3701	40	128
3702	56	128
3703	71	128
3704	77	128
3705	70	128
3706	61	128
3707	55	128
3708	54	128
3709	58	128
3710	65	128
3711	73	128
3712	78	128
3713	79	128
3714	78	128
3715	77	128
3716	78	128
3717	82	128
3718	87	128
3719	91	128
3720	92	128
3721	92	128
3722	89	128
3723	87	128
3724	85	128
3725	85	128
3726	85	128
3727	86	128
3728	86	128
3729	86	128
3730	87	128
3731	88	128
3732	90	128
3733	93	128
3734	97	129
3735	100	129
3736	103	129
3737	107	129
3738	111	129
3739	116	129
3740	121	128
3741	127	128
3742	134	129
3743	140	128
3744	147	128
3745	155	128
3746	164	128
3747	173	128
3748	182	128
3749	192	128
3750	203	128
3751	213	128
3752	225	128
3753	236	129
3754	249	129
3755	255	128
3756	255	129
3757	255	129
3758	255	129
3759	255	129
3760	255	129
3761	255	129
3762	255	129
3763	255	129
3764	255	129
3765	255	129
3766	255	129
3767	255	129
3768	255	129
3769	255	129
3770	255	129
3771	255	129
3772	255	129
3773	255	129
3774	255	128
3775	255	129
3776	250	129
3777	245	129
3778	246	128
3779	250	128
3780	253	128
3781	249	128
3782	242	128
3783	237	128
3784	237	128
3785	238	128
3786	239	128
3787	236	128
3788	231	128
3789	226	128
3790	224	128
3791	223	128
3792	223	128
3793	221	128
3794	217	128
3795	213	128
3796	209	128
3797	207	128
3798	207	128
3799	205	128
3800	202	128
3801	198	128
3802	194	128
3803	192	128
3804	191	128
3805	189	128
3806	187	128
3807	183	128
3808	180	128
3809	178	128
3810	176	128
3811	175	128
3812	172	128
3813	170	128
3814	167	128
3815	165	128
3816	163	128
3817	162	128
3818	160	128
3819	159	128
3820	157	128
3821	154	128
3822	153	128
3823	152	128
3824	151	128
3825	149	128
3826	148	128
3827	147	128
3828	145	128
3829	144	128
3830	143	128
3831	143	128
3832	142	128
3833	141	128
3834	140	128
3835	139	128
3836	139	128
3837	138	128
3838	138	128
3839	137	128
3840	137	128
3841	136	128
3842	136	128
3843	136	128
3844	136	128
3845	136	128
3846	136	128
3847	136	128
3848	136	128
3849	136	128
3850	137	128
3851	137	128
3852	137	128
3853	137	128
3854	138	128
3855	139	128
3856	140	128
3857	140	128
3858	141	128
3859	142	128
3860	143	128
3861	144	128
3862	145	128
3863	146	128
3864	147	128
3865	148	128
3866	149	128
3867	151	128
3868	152	128
3869	153	128
3870	157	128
3871	162	129
3872	165	129
3873	163	128
3874	161	128
3875	165	128
3876	167	128
3877	168	128
3878	168	128
3879	170	128
3880	169	128
3881	172	128
3882	175	128
3883	177	128
3884	177	128
3885	178	128
3886	179	129
3887	181	128
3888	183	128
3889	185	128
3890	186	128
3891	186	128
3892	187	129
3893	187	128
3894	189	128
3895	190	128
3896	191	128
3897	191	128
3898	191	128
3899	191	128
3900	191	128
3901	192	128
3902	193	128
3903	192	128
3904	191	128
3905	191	128
3906	191	128
3907	190	128
3908	190	128
3909	189	128
3910	188	128
3911	187	128
3912	186	128
3913	186	128
3914	185	128
3915	184	128
3916	183	128
3917	182	128
3918	181	128
3919	181	128
3920	181	128
3921	179	128
3922	178	128
3923	177	128
3924	177	128
3925	177	128
3926	176	128
3927	175	128
3928	174	128
3929	174	128
3930	174	128
3931	173	128
3932	173	128
3933	173	128
3934	172	128
3935	172	128
3936	172	128
3937	172	128
3938	172	128
3939	171	128
3940	172	128
3941	172	128
3942	173	128
3943	172	128
3944	172	128
3945	172	128
3946	173	128
3947	173	128
3948	172	128
3949	171	128
3950	171	128
3951	172	128
3952	175	128
3953	177	128
3954	177	128
3955	175	128
3956	174	128
3957	175	128
3958	177	128
3959	179	128
3960	177	128
3961	177	128
3962	176	128
3963	176	128
3964	178	128
3965	179	128
3966	180	128
3967	178	128
3968	177	128
3969	178	128
3970	180	128
3971	180	128
3972	181	128
3973	181	128
3974	180	128
3975	180	128
3976	181	128
3977	181	128
3978	181	128
3979	182	128
3980	181	128
3981	181	128
3982	182	128
3983	182	128
3984	182	128
3985	182	128
3986	181	128
3987	182	128
3988	182	128
3989	182	128
3990	182	128
3991	182	128
3992	182	128
3993	181	128
3994	182	129
3995	182	128
3996	182	128
3997	182	128
3998	182	128
3999	181	128
4000	182	128
4001	182	128
4002	181	128
4003	182	128
4004	182	128
4005	181	128
4006	181	128
4007	181	128
4008	180	128
4009	180	128
4010	180	128
4011	179	128
4012	179	128
4013	179	128
4014	178	128
4015	178	128
4016	178	128
4017	177	128
4018	177	128
4019	176	128
4020	176	128
4021	176	128
4022	176	128
4023	176	128
4024	175	128
4025	174	128
4026	175	128
4027	175	128
4028	174	128
4029	174	128
4030	173	128
4031	173	128
4032	173	128
4033	173	128
4034	172	128
4035	172	128
4036	171	128
4037	171	127
4038	170	128
4039	170	128
4040	170	128
4041	170	128
4042	169	128
4043	169	128
4044	169	128
4045	168	128
4046	168	128
4047	167	128
4048	167	128
4049	167	128
4050	167	128
4051	167	128
4052	167	128
4053	167	128
4054	167	128
4055	167	128
4056	168	128
4057	168	128
4058	168	128
4059	168	128
4060	169	128
4061	169	128
4062	170	128
4063	171	128
4064	171	128
4065	171	128
4066	172	128
4067	173	128
4068	173	128
4069	175	128
4070	176	128
4071	177	128
4072	177	128
4073	178	128
4074	179	128
4075	180	128
4076	180	128
4077	180	128
4078	181	128
4079	181	128
4080	182	128
4081	181	128
4082	181	128
4083	181	128
4084	181	128
4085	181	128
4086	180	128
4087	180	128
4088	179	128
4089	179	128
4090	178	128
4091	178	128
4092	177	128
4093	176	128
4094	176	128
4095	175	128
