         2        -0.200092782394157E+004
         3        -0.200091590860723E+004
         4        -0.200291834352291E+004
         5        -0.200336519126636E+004
         6        -0.200319018729311E+004
         7        -0.200359429664177E+004
         8        -0.200354726171555E+004
         9        -0.200357292216434E+004
        10        -0.200359583667065E+004
        11        -0.200361502439158E+004
        12        -0.200362529018107E+004
        13        -0.200362430139097E+004
        14        -0.200362617151342E+004
        15        -0.200362672118401E+004
        16        -0.200362598912632E+004
        17        -0.200362702929840E+004
        18        -0.200362688044545E+004
        19        -0.200362703631938E+004
        20        -0.200362680641907E+004
        21        -0.200362702453028E+004
        22        -0.200362697106010E+004
        23        -0.200362697954447E+004
        24        -0.200362697208846E+004
        25        -0.200362694835529E+004
        26        -0.200362694370663E+004
        27        -0.200362694628890E+004
        28        -0.200362694423713E+004
        29        -0.200362694567409E+004
        30        -0.200362694479874E+004
        31        -0.200362694515364E+004
        32        -0.200362694532178E+004
