         1         0.100000000000000E+001
         2         0.100000000000000E+001
         3         0.100000000000000E+001
         4         0.100000000000000E+001
         5         0.100000000000000E+001
         6         0.100000000000000E+001
         7         0.100000000000000E+001
         8         0.100000000000000E+001
         9         0.100000000000000E+001
        10         0.100000000000000E+001
        11         0.100000000000000E+001
        12         0.100000000000000E+001
        13         0.100000000000000E+001
        14         0.100000000000000E+001
        15         0.100000000000000E+001
        16         0.100000000000000E+001
        17         0.100000000000000E+001
        18         0.100000000000000E+001
        19         0.100000000000000E+001
        20         0.100000000000000E+001
        21         0.100000000000000E+001
        22         0.100000000000000E+001
        23         0.100000000000000E+001
        24         0.100000000000000E+001
        25         0.100000000000000E+001
        26         0.100000000000000E+001
        27         0.100000000000000E+001
        28         0.100000000000000E+001
        29         0.100000000000000E+001
        30         0.100000000000000E+001
        31         0.100000000000000E+001
        32         0.100000000000000E+001
 
         1         0.100000000000000E+001
         2         0.100000000000000E+001
         3         0.100000000000000E+001
         4         0.100000000000000E+001
         5         0.100000000000000E+001
         6         0.100000000000000E+001
         7         0.100000000000000E+001
         8         0.100000000000000E+001
         9         0.100000000000000E+001
        10         0.100000000000000E+001
        11         0.100000000000000E+001
        12         0.100000000000000E+001
        13         0.100000000000000E+001
        14         0.100000000000000E+001
        15         0.100000000000000E+001
        16         0.100000000000000E+001
        17         0.100000000000000E+001
        18         0.100000000000000E+001
        19         0.100000000000000E+001
        20         0.100000000000000E+001
        21         0.100000000000000E+001
        22         0.100000000000000E+001
        23         0.100000000000000E+001
        24         0.100000000000000E+001
        25         0.100000000000000E+001
        26         0.100000000000000E+001
        27         0.100000000000000E+001
        28         0.100000000000000E+001
        29         0.100000000000000E+001
        30         0.100000000000000E+001
        31         0.100000000000000E+001
        32         0.100000000000000E+001
 
         1         0.107594994436631E+001
         2         0.110788711719898E+001
         3         0.111771388028238E+001
         4         0.114705730156647E+001
         5         0.115939937871048E+001
         6         0.113671168419163E+001
         7         0.111959237897827E+001
         8         0.112273565823290E+001
         9         0.112440040676626E+001
        10         0.117740854334678E+001
        11         0.116107586671295E+001
        12         0.115177209394707E+001
        13         0.116378420155488E+001
        14         0.115836285152750E+001
        15         0.115847966421837E+001
        16         0.115717225755345E+001
        17         0.115766213493816E+001
        18         0.115786654930319E+001
        19         0.115846468708539E+001
        20         0.115855642775935E+001
        21         0.115880494402284E+001
        22         0.115906693638728E+001
        23         0.115940062267681E+001
        24         0.115949534872538E+001
        25         0.115949268768404E+001
        26         0.115947159225651E+001
        27         0.115946042557096E+001
        28         0.115944068684500E+001
        29         0.115943854663080E+001
        30         0.115943763265235E+001
        31         0.115943792106458E+001
        32         0.115943880428602E+001
 
         1         0.107573662551352E+001
         2         0.110634476524425E+001
         3         0.111623369994699E+001
         4         0.114220828159809E+001
         5         0.115202298904840E+001
         6         0.112589927727176E+001
         7         0.109953728264170E+001
         8         0.111840218601598E+001
         9         0.110394819344086E+001
        10         0.113030968099118E+001
        11         0.114655871477154E+001
        12         0.112462440254842E+001
        13         0.112787625834399E+001
        14         0.112588348041657E+001
        15         0.113009324999423E+001
        16         0.112568485004522E+001
        17         0.112644567641519E+001
        18         0.112618152669746E+001
        19         0.112636754235064E+001
        20         0.112617943588482E+001
        21         0.112632068116676E+001
        22         0.112649315233595E+001
        23         0.112662118227336E+001
        24         0.112661325346721E+001
        25         0.112661517789423E+001
        26         0.112661028344329E+001
        27         0.112660735242662E+001
        28         0.112659811874767E+001
        29         0.112659797986753E+001
        30         0.112659828788171E+001
        31         0.112659844400493E+001
        32         0.112659901361735E+001
 
         1         0.107312497040775E+001
         2         0.107181253569282E+001
         3         0.107894234252151E+001
         4         0.105986421873249E+001
         5         0.108806091024088E+001
         6         0.113714358504081E+001
         7         0.114047512311402E+001
         8         0.111411134660038E+001
         9         0.115419083515481E+001
        10         0.120158706469150E+001
        11         0.121576332470615E+001
        12         0.120654589469527E+001
        13         0.121469847069545E+001
        14         0.121461318594952E+001
        15         0.121261300797171E+001
        16         0.121116300720773E+001
        17         0.121205031249354E+001
        18         0.121203519612446E+001
        19         0.121313308121569E+001
        20         0.121304814966795E+001
        21         0.121351830847585E+001
        22         0.121388249293431E+001
        23         0.121436746413165E+001
        24         0.121457522057794E+001
        25         0.121458630158191E+001
        26         0.121456172286386E+001
        27         0.121455242422635E+001
        28         0.121452096039707E+001
        29         0.121451934321964E+001
        30         0.121451746835502E+001
        31         0.121451761147139E+001
        32         0.121451916949727E+001
 
         1         0.107003636320755E+001
         2         0.109790642131781E+001
         3         0.110660552987930E+001
         4         0.113279188295339E+001
         5         0.114661823511000E+001
         6         0.122848643566074E+001
         7         0.121327935437590E+001
         8         0.121068348076669E+001
         9         0.121459795867218E+001
        10         0.114606041199422E+001
        11         0.116427616755661E+001
        12         0.117636693011314E+001
        13         0.116921618792082E+001
        14         0.117065751589678E+001
        15         0.116736500099355E+001
        16         0.116773092259254E+001
        17         0.116663107796834E+001
        18         0.116317916060394E+001
        19         0.116108797765967E+001
        20         0.115948365033464E+001
        21         0.115880751645055E+001
        22         0.115799833809315E+001
        23         0.115707197314561E+001
        24         0.115685840479554E+001
        25         0.115686303376541E+001
        26         0.115690455464327E+001
        27         0.115693646331889E+001
        28         0.115700282067347E+001
        29         0.115701420470144E+001
        30         0.115701896771332E+001
        31         0.115701885163642E+001
        32         0.115701964968905E+001
 
         1         0.107350346544498E+001
         2         0.110418120666425E+001
         3         0.111407889940425E+001
         4         0.114398364439801E+001
         5         0.116042434263173E+001
         6         0.124194070982507E+001
         7         0.122993583726623E+001
         8         0.122873908477677E+001
         9         0.123139717117509E+001
        10         0.118015646591926E+001
        11         0.119717570579936E+001
        12         0.120734522670014E+001
        13         0.120471368915769E+001
        14         0.120668144779230E+001
        15         0.120455653475555E+001
        16         0.120601574340248E+001
        17         0.120571705268387E+001
        18         0.120546552332553E+001
        19         0.120520514196327E+001
        20         0.120502198256664E+001
        21         0.120482426995265E+001
        22         0.120448154759193E+001
        23         0.120412293038299E+001
        24         0.120406548496518E+001
        25         0.120406888266764E+001
        26         0.120408503785390E+001
        27         0.120409720686245E+001
        28         0.120411953072831E+001
        29         0.120412213196837E+001
        30         0.120412186219074E+001
        31         0.120412131850404E+001
        32         0.120412042018695E+001
 
         1         0.107693730731357E+001
         2         0.110975183656032E+001
         3         0.112063836834358E+001
         4         0.115373992880233E+001
         5         0.117374966224975E+001
         6         0.130131026661397E+001
         7         0.129089686419173E+001
         8         0.125854520207609E+001
         9         0.131322984585720E+001
        10         0.141167294047736E+001
        11         0.138508599677506E+001
        12         0.137936050747977E+001
        13         0.137401040347444E+001
        14         0.136952775691145E+001
        15         0.137577817977317E+001
        16         0.137520958137873E+001
        17         0.137504247191230E+001
        18         0.137718556282585E+001
        19         0.137765762167108E+001
        20         0.137942438406376E+001
        21         0.137999663995618E+001
        22         0.138122723299529E+001
        23         0.138247366141182E+001
        24         0.138261869853554E+001
        25         0.138259457240361E+001
        26         0.138254755623173E+001
        27         0.138249973317144E+001
        28         0.138242225688746E+001
        29         0.138240792987329E+001
        30         0.138240782038308E+001
        31         0.138240994353182E+001
        32         0.138241158981483E+001
 
